# Processed xy data with Haverford two-theta converted to LBL scale
two_theta,intensity
5.812336334448366,9.0
5.835590900706661,14.0
5.8588455295808854,14.0
5.882100221322295,10.0
5.905354976182176,8.0
5.928609794411824,7.0
5.951864676262572,10.0
5.97511962198576,14.0
5.99837463183276,13.0
6.02162970605496,14.0
6.044884844903773,16.0
6.0681400486306325,13.0
6.091395317486996,8.0
6.114650651724341,10.0
6.13790605159417,16.0
6.161161517348003,16.0
6.18441704923739,13.0
6.207672647513895,17.0
6.230928312429112,15.0
6.254184044234656,12.0
6.27743984318216,10.0
6.300695709523287,12.0
6.3239516435097185,20.0
6.347207645393159,26.0
6.370463715425341,27.0
6.3937198538580144,23.0
6.416976060942956,29.0
6.440232336931965,30.0
6.4634886820768624,32.0
6.486745096629497,43.0
6.510001580841738,54.0
6.53325813496548,47.0
6.5565147592526385,44.0
6.579771453955157,45.0
6.603028219325004,54.0
6.626285055614165,62.0
6.649541963074657,64.0
6.6727989419585185,71.0
6.696055992517813,79.0
6.719313115004629,89.0
6.742570309671076,100.0
6.7658275767692935,129.0
6.789084916551441,175.0
6.812342329269707,232.0
6.835599815176301,338.0
6.858857374523463,481.0
6.882115007563452,616.0
6.905372714548557,671.0
6.9286304957310865,655.0
6.951888351363382,573.0
6.975146281697805,446.0
6.998404286986744,290.0
7.021662367482616,164.0
7.044920523437857,68.0
7.068178755104935,40.0
7.091437062736341,34.0
7.1146954465845935,23.0
7.137953906902237,29.0
7.161212443941841,24.0
7.184471057955999,20.0
7.207729749197341,18.0
7.230988517918511,17.0
7.254247364372185,15.0
7.277506288811065,9.0
7.30076529148788,11.0
7.324024372655387,12.0
7.347283532566368,12.0
7.370542771473634,10.0
7.393802089630019,12.0
7.417061487288388,11.0
7.440320964701634,12.0
7.4635805221226725,10.0
7.486840159804451,10.0
7.510099877999942,11.0
7.533359676962151,9.0
7.5566195569440975,8.0
7.579879518198843,10.0
7.603139560979473,11.0
7.626399685539099,9.0
7.649659892130859,8.0
7.672920181007921,10.0
7.696180552423485,9.0
7.719441006630773,10.0
7.742701543883038,9.0
7.765962164433562,8.0
7.789222868535657,7.0
7.81248365644266,10.0
7.835744528407938,8.0
7.859005484684887,6.0
7.882266525526933,11.0
7.905527651187532,12.0
7.928788861920164,10.0
7.952050157978344,8.0
7.975311539615614,7.0
7.998573007085543,6.0
8.02183456064173,5.0
8.045096200537811,7.0
8.06835792702744,8.0
8.09161974036431,9.0
8.114881640802139,11.0
8.138143628594674,10.0
8.161405703995696,8.0
8.184667867259016,7.0
8.207930118638469,9.0
8.231192458387925,10.0
8.254454886761287,10.0
8.277717404012483,7.0
8.300980010395474,5.0
8.32424270616425,10.0
8.347505491572837,10.0
8.370768366875284,11.0
8.394031332325673,8.0
8.417294388178124,6.0
8.440557534686778,6.0
8.463820772105814,7.0
8.487084100689438,5.0
8.510347520691889,5.0
8.53361103236744,7.0
8.556874635970393,9.0
8.58013833175508,12.0
8.603402119975868,10.0
8.62666600088715,8.0
8.649929974743358,7.0
8.673194041798952,8.0
8.696458202308426,12.0
8.719722456526304,7.0
8.742986804707142,7.0
8.766251247105531,10.0
8.789515783976091,8.0
8.812780415573481,9.0
8.836045142152381,12.0
8.859309963967515,11.0
8.882574881273634,10.0
8.90583989432552,7.0
8.929105003377993,5.0
8.952370208685906,4.0
8.975635510504143,4.0
8.998900909087617,6.0
9.022166404691278,8.0
9.045431997570116,10.0
9.068697687979142,8.0
9.091963476173413,7.0
9.115229362408005,15.0
9.138495346938043,8.0
9.161761430018675,8.0
9.185027611905088,7.0
9.2082938928525,7.0
9.23156027311617,9.0
9.254826752951379,6.0
9.278093332613453,8.0
9.301360012357751,11.0
9.324626792439659,8.0
9.347893673114605,8.0
9.371160654638048,7.0
9.394427737265485,7.0
9.417694921252442,10.0
9.440962206854483,12.0
9.464229594327216,9.0
9.487497083926264,7.0
9.510764675907303,6.0
9.534032370526038,8.0
9.557300168038212,10.0
9.580568068699591,12.0
9.603836072765995,8.0
9.627104180493268,6.0
9.65037239213729,7.0
9.673640707953984,5.0
9.696909128199298,5.0
9.720177653129229,5.0
9.7434462829998,7.0
9.766715018067071,9.0
9.789983858587142,10.0
9.813252804816148,8.0
9.836521857010267,4.0
9.859791015425694,6.0
9.88306028031868,11.0
9.906329651945507,8.0
9.929599130562494,8.0
9.952868716425995,9.0
9.976138409792394,10.0
9.99940821091813,12.0
10.022678120059663,11.0
10.045948137473498,11.0
10.069218263416177,9.0
10.092488498144272,8.0
10.115758841914406,10.0
10.13902929498323,12.0
10.162299857607428,11.0
10.185570530043737,8.0
10.208841312548918,8.0
10.232112205379778,6.0
10.255383208793155,5.0
10.278654323045938,8.0
10.301925548395035,9.0
10.32519688509741,6.0
10.34846833341006,11.0
10.371739893590012,11.0
10.395011565894338,6.0
10.418283350580161,8.0
10.441555247904622,10.0
10.464827258124908,12.0
10.48809938149825,8.0
10.511371618281917,6.0
10.534643968733214,10.0
10.557916433109481,6.0
10.581189011668108,8.0
10.604461704666518,9.0
10.627734512362176,12.0
10.65100743501258,13.0
10.674280472875276,11.0
10.697553626207851,11.0
10.720826895267923,13.0
10.744100280313154,12.0
10.767373781601245,9.0
10.790647399389943,8.0
10.813921133937027,11.0
10.837194985500323,9.0
10.860468954337696,5.0
10.883743040707044,10.0
10.90701724486632,9.0
10.930291567073505,12.0
10.953566007586625,11.0
10.976840566663748,12.0
11.000115244562984,11.0
11.023390041542479,6.0
11.046664957860425,10.0
11.069939993775053,15.0
11.09321514954464,12.0
11.116490425427497,7.0
11.139765821681978,7.0
11.163041338566483,11.0
11.186316976339457,10.0
11.209592735259374,8.0
11.232868615584756,10.0
11.256144617574174,12.0
11.279420741486225,7.0
11.302696987579575,10.0
11.325973356112902,12.0
11.349249847344945,12.0
11.37252646153448,5.0
11.395803198940328,7.0
11.419080059821349,9.0
11.442357044436445,7.0
11.465634153044565,9.0
11.488911385904702,9.0
11.512188743275887,10.0
11.535466225417197,10.0
11.558743832587748,8.0
11.582021565046707,7.0
11.605299423053278,5.0
11.628577406866714,7.0
11.651855516746306,11.0
11.675133752951389,10.0
11.698412115741345,9.0
11.7216906053756,8.0
11.744969222113623,6.0
11.768247966214924,7.0
11.791526837939063,9.0
11.81480583754564,7.0
11.838084965294295,7.0
11.861364221444722,6.0
11.88464360625666,10.0
11.90792311998988,11.0
11.931202762904206,7.0
11.95448253525951,11.0
11.977762437315706,12.0
12.00104246933275,8.0
12.024322631570639,11.0
12.047602924289434,10.0
12.070883347749223,12.0
12.09416390221014,12.0
12.117444587932372,11.0
12.14072540517615,9.0
12.164006354201756,8.0
12.1872874352695,7.0
12.210568648639759,5.0
12.233849994572935,10.0
12.2571314733295,11.0
12.280413085169949,10.0
12.303694830354837,8.0
12.326976709144764,10.0
12.35025872180037,11.0
12.373540868582348,9.0
12.396823149751432,8.0
12.420105565568411,11.0
12.443388116294111,13.0
12.46667080218941,9.0
12.489953623515236,13.0
12.513236580532558,14.0
12.53651967350239,13.0
12.559802902685805,12.0
12.583086268343914,11.0
12.606369770737873,7.0
12.629653410128896,11.0
12.652937186778235,13.0
12.676221100947195,10.0
12.699505152897125,8.0
12.722789342889424,9.0
12.746073671185545,10.0
12.769358138046975,13.0
12.79264274373526,7.0
12.815927488511997,9.0
12.83921237263882,12.0
12.86249739637742,10.0
12.885782559989533,12.0
12.90906786373694,14.0
12.932353307881483,9.0
12.955638892685041,6.0
12.978924618409549,13.0
13.002210485316985,11.0
13.02549649366938,12.0
13.048782643728815,7.0
13.07206893575742,8.0
13.095355370017367,9.0
13.118641946770891,9.0
13.14192866628027,14.0
13.165215528807824,17.0
13.188502534615935,16.0
13.211789683967028,8.0
13.235076977123583,6.0
13.258364414348119,6.0
13.281651995903221,16.0
13.304939722051515,11.0
13.32822759305568,16.0
13.351515609178437,10.0
13.374803770682572,13.0
13.398092077830908,10.0
13.42138053088633,12.0
13.444669130111777,13.0
13.467957875770214,12.0
13.491246768124684,9.0
13.514535807438268,13.0
13.537824993974109,14.0
13.561114327995382,16.0
13.584403809765332,18.0
13.60769343954725,11.0
13.630983217604475,9.0
13.654273144200399,14.0
13.677563219598468,21.0
13.70085344406218,24.0
13.724143817855081,19.0
13.747434341240776,22.0
13.770725014482913,23.0
13.794015837845201,29.0
13.8173068115914,33.0
13.840597935985315,49.0
13.863889211290813,67.0
13.887180637771806,78.0
13.910472215692266,94.0
13.933763945316214,95.0
13.957055826907721,85.0
13.980347860730916,93.0
14.00364004704998,76.0
14.026932386129145,52.0
14.050224878232704,34.0
14.073517523624988,24.0
14.096810322570402,14.0
14.120103275333387,14.0
14.143396382178445,12.0
14.16668964337013,16.0
14.189983059173056,15.0
14.21327662985189,12.0
14.236570355671335,11.0
14.259864236896174,14.0
14.283158273791232,10.0
14.30645246662139,12.0
14.329746815651578,14.0
14.353041321146794,15.0
14.37633598337207,12.0
14.39963080259252,15.0
14.422925779073289,13.0
14.446220913079586,18.0
14.46951620487668,9.0
14.492811654729895,11.0
14.516107262904596,14.0
14.539403029666214,17.0
14.562698955280242,13.0
14.58599504001221,9.0
14.609291284127732,11.0
14.632587687892448,10.0
14.655884251572072,16.0
14.679180975432365,15.0
14.702477859739153,14.0
14.725774904758307,12.0
14.749072110755767,12.0
14.772369477997517,10.0
14.795667006749616,12.0
14.818964697278153,14.0
14.84226254984929,16.0
14.86556056472925,13.0
14.8888587421843,13.0
14.912157082480775,14.0
14.935455585885057,18.0
14.958754252663597,12.0
14.982053083082898,14.0
15.00535207740951,11.0
15.028651235910058,9.0
15.051950558851214,7.0
15.075250046499713,11.0
15.098549699122337,14.0
15.121849516985941,13.0
15.14514950035743,12.0
15.168449649503765,7.0
15.19174996469197,14.0
15.215050446189128,16.0
15.238351094262374,10.0
15.261651909178907,15.0
15.284952891205979,11.0
15.308254040610906,15.0
15.331555357661067,14.0
15.354856842623887,14.0
15.37815849576686,19.0
15.40146031735754,15.0
15.424762307663531,13.0
15.448064466952497,13.0
15.471366795492177,15.0
15.494669293550357,16.0
15.517971961394876,14.0
15.541274799293646,14.0
15.56457780751464,17.0
15.58788098632587,15.0
15.611184335995434,13.0
15.634487856791477,16.0
15.657791548982198,14.0
15.681095412835871,14.0
15.704399448620821,16.0
15.727703656605435,10.0
15.751008037058167,13.0
15.774312590247524,16.0
15.797617316442068,16.0
15.82092221591044,16.0
15.844227288921324,13.0
15.86753253574348,12.0
15.890837956645717,11.0
15.914143551896908,10.0
15.937449321766,18.0
15.960755266521977,15.0
15.984061386433915,13.0
16.007367681770916,15.0
16.030674152802188,14.0
16.053980799796953,12.0
16.077287623024528,16.0
16.10059462275428,17.0
16.12390179925565,16.0
16.14720915279812,14.0
16.170516683651254,17.0
16.193824392084665,12.0
16.21713227836803,11.0
16.24044034277111,15.0
16.26374858556369,14.0
16.287057007015655,20.0
16.310365607396935,17.0
16.333674386977524,14.0
16.356983346027484,10.0
16.380292484816938,9.0
16.40360180361606,11.0
16.42691130269511,11.0
16.4502209823244,15.0
16.47353084277431,12.0
16.496840884315276,14.0
16.520151107217796,19.0
16.543461511752447,18.0
16.566772098189862,17.0
16.59008286680074,12.0
16.61339381785583,13.0
16.63670495162597,16.0
16.660016268382044,16.0
16.683327768395007,14.0
16.70663945193588,15.0
16.72995131927576,13.0
16.753263370685772,15.0
16.77657560643714,16.0
16.79988802680115,13.0
16.82320063204914,19.0
16.84651342245253,16.0
16.86982639828279,17.0
16.893139559811452,13.0
16.916452907310134,12.0
16.93976644105051,10.0
16.963080161304312,10.0
16.98639406834335,10.0
17.009708162439487,13.0
17.033022443864674,20.0
17.05633691289089,21.0
17.079651569790236,17.0
17.102966414834825,16.0
17.126281448296872,13.0
17.149596670448634,18.0
17.172912081562462,19.0
17.196227681910745,12.0
17.219543471765967,14.0
17.242859451400655,15.0
17.26617562108742,21.0
17.28949198109893,17.0
17.312808531707923,26.0
17.336125273187214,19.0
17.35944220580967,13.0
17.38275932984823,17.0
17.40607664557592,13.0
17.4293941532658,15.0
17.452711853191023,19.0
17.47602974562481,10.0
17.49934783084044,20.0
17.52266610911126,19.0
17.54598458071069,17.0
17.56930324591222,13.0
17.59262210498941,18.0
17.61594115821588,17.0
17.639260405865333,16.0
17.662579848211518,19.0
17.68589948552828,17.0
17.70921931808952,16.0
17.732539346169208,12.0
17.755859570041373,17.0
17.779179989980143,23.0
17.8025006062597,19.0
17.825821419154273,25.0
17.849142428938194,20.0
17.872463635885847,18.0
17.895785040271708,24.0
17.919106642370284,16.0
17.94242844245619,12.0
17.96575044080409,15.0
17.98907263768873,20.0
18.012395033384912,21.0
18.03571762816752,22.0
18.05904042231152,10.0
18.08236341609193,13.0
18.105686609783834,13.0
18.129010003662405,17.0
18.152333598002883,18.0
18.175657393080574,21.0
18.19898138917086,16.0
18.22230558654919,18.0
18.24562998549109,12.0
18.268954586272148,17.0
18.29227938916804,22.0
18.3156043944545,21.0
18.33892960240734,21.0
18.362255013302438,16.0
18.38558062741576,25.0
18.40890644502333,23.0
18.432232466401246,20.0
18.455558691825676,21.0
18.478885121572876,24.0
18.502211755919152,41.0
18.525538595140908,26.0
18.548865639514602,16.0
18.572192889316778,20.0
18.59552034482404,15.0
18.61884800631307,19.0
18.642175874060634,19.0
18.66550394834356,21.0
18.68883222943875,14.0
18.712160717623178,25.0
18.735489413173912,21.0
18.758818316368075,19.0
18.782147427482855,22.0
18.80547674679554,13.0
18.82880627458347,21.0
18.852136011124085,15.0
18.875465956694857,12.0
18.89879611157339,15.0
18.92212647603731,19.0
18.945457050364347,29.0
18.9687878348323,23.0
18.992118829719036,18.0
19.015450035302507,27.0
19.03878145186074,23.0
19.062113079671832,23.0
19.08544491901395,19.0
19.108776970165355,26.0
19.132109233404364,30.0
19.15544170900938,19.0
19.178774397258888,20.0
19.202107298431436,18.0
19.22544041280565,24.0
19.24877374066024,19.0
19.272107282273996,24.0
19.295441037925762,15.0
19.318775007894487,16.0
19.34210919245918,17.0
19.365443591898924,21.0
19.388778206492894,19.0
19.412113036520317,26.0
19.435448082260532,25.0
19.458783343992938,18.0
19.482118821996995,24.0
19.505454516552266,18.0
19.52879042793838,24.0
19.55212655643504,19.0
19.575462902322034,26.0
19.598799465879225,24.0
19.62213624738656,16.0
19.645473247124063,22.0
19.66881046537181,27.0
19.692147902410003,22.0
19.715485558518886,22.0
19.73882343397879,29.0
19.762161529070127,15.0
19.7854998440734,24.0
19.80883837926917,26.0
19.832177134938085,25.0
19.855516111360874,18.0
19.878855308818352,24.0
19.902194727591404,23.0
19.925534367960985,23.0
19.948874230208155,25.0
19.972214314614035,24.0
19.995554621459824,31.0
20.01889515102682,19.0
20.042235903596385,24.0
20.065576879449956,18.0
20.088918078869074,32.0
20.112259502135327,27.0
20.135601149530416,26.0
20.15894302133611,23.0
20.18228511783425,22.0
20.20562743930676,26.0
20.22896998603567,27.0
20.252312758303052,34.0
20.27565575639109,27.0
20.29899898058203,32.0
20.32234243115821,21.0
20.345686108402045,26.0
20.369030012596035,32.0
20.39237414402276,26.0
20.415718502964886,24.0
20.439063089705147,33.0
20.462407904526376,41.0
20.48575294771149,32.0
20.509098219543453,26.0
20.532443720305356,26.0
20.555789450280354,22.0
20.57913540975168,24.0
20.602481599002655,32.0
20.625828018316682,24.0
20.64917466797726,38.0
20.67252154826794,36.0
20.695868659472385,36.0
20.71921600187433,38.0
20.742563575757593,31.0
20.76591138140607,45.0
20.789259419103754,46.0
20.812607689134722,48.0
20.835956191783122,60.0
20.859304927333195,55.0
20.88265389606926,65.0
20.90600309827572,95.0
20.929352534237076,99.0
20.952702204237895,113.0
20.97605210856284,111.0
20.999402247496654,113.0
21.022752621324166,126.0
21.0461032303303,106.0
21.069454074800053,88.0
21.092805155018485,70.0
21.116156471270802,68.0
21.139508023842236,61.0
21.162859813018137,50.0
21.18621183908392,42.0
21.209564102325114,38.0
21.232916603027302,35.0
21.256269341476187,42.0
21.27962231795751,43.0
21.30297553275715,36.0
21.32632898616104,31.0
21.34968267845521,36.0
21.37303660992578,33.0
21.396390780858948,32.0
21.419745191541,39.0
21.443099842258313,33.0
21.466454733297347,27.0
21.48980986494466,35.0
21.513165237486888,25.0
21.53652085121074,41.0
21.559876706403045,38.0
21.583232803350697,29.0
21.606589142340678,29.0
21.629945723660065,26.0
21.653302547596024,32.0
21.6766596144358,33.0
21.700016924466734,29.0
21.723374477976257,29.0
21.74673227525188,30.0
21.77009031658121,28.0
21.79344860225193,32.0
21.816807132551837,39.0
21.840165907768792,46.0
21.86352492819076,34.0
21.88688419410577,28.0
21.910243705801978,28.0
21.933603463567614,31.0
21.956963467690976,21.0
21.98032371846049,36.0
22.00368421616463,30.0
22.027044961092002,26.0
22.050405953531264,25.0
22.073767193771193,35.0
22.097128682100635,27.0
22.12049041880854,36.0
22.143852404183946,32.0
22.16721463851598,34.0
22.19057712209385,33.0
22.21393985520687,32.0
22.237302838144448,36.0
22.260666071196052,28.0
22.284029554651283,35.0
22.3073932887998,40.0
22.330757273931365,38.0
22.354121510335847,37.0
22.377485998303182,26.0
22.400850738123403,38.0
22.424215730086654,32.0
22.44758097448314,37.0
22.47094647160319,38.0
22.494312221737196,35.0
22.51767822517567,32.0
22.54104448220919,34.0
22.56441099312844,30.0
22.587777758224203,40.0
22.61114477778735,37.0
22.634512052108835,37.0
22.65787958147971,42.0
22.681247366191126,40.0
22.704615406534327,44.0
22.727983702800636,55.0
22.751352255281496,55.0
22.774721064268416,48.0
22.798090130053023,51.0
22.821459452927012,61.0
22.844829033182197,44.0
22.868198871110458,54.0
22.891568967003803,41.0
22.91493932115431,42.0
22.938309933854164,46.0
22.96168080539563,31.0
22.985051936071088,30.0
23.008423326172995,35.0
23.031794975993904,39.0
23.055166885826477,42.0
23.07853905596346,39.0
23.101911486697702,34.0
23.125284178322136,34.0
23.148657131129802,34.0
23.17203034541383,35.0
23.195403821467444,38.0
23.21877755958397,44.0
23.24215156005682,30.0
23.265525823179512,29.0
23.28890034924566,37.0
23.31227513854897,36.0
23.33565019138324,29.0
23.359025508042382,39.0
23.38240108882038,28.0
23.40577693401135,32.0
23.42915304390946,45.0
23.452529418808997,37.0
23.47590605900436,40.0
23.499282964790027,35.0
23.522660136460587,44.0
23.5460375743107,45.0
23.56941527863515,39.0
23.59279324972882,53.0
23.61617148788667,46.0
23.639549993403776,37.0
23.6629287665753,53.0
23.686307807696515,36.0
23.709687117062778,43.0
23.73306669496955,27.0
23.756446541712414,39.0
23.77982665758701,47.0
23.803207042889106,38.0
23.82658769791456,51.0
23.849968622959327,37.0
23.873349818319465,35.0
23.896731284291135,32.0
23.9201130211706,55.0
23.9434950292542,50.0
23.966877308838402,43.0
23.990259860219766,35.0
24.013642683694936,71.0
24.03702577956068,43.0
24.06040914811384,38.0
24.08379278965139,46.0
24.107176704470376,35.0
24.13056089286797,42.0
24.153945355141417,33.0
24.17733009158809,44.0
24.200715102505445,44.0
24.22410038819104,36.0
24.24748594894254,42.0
24.27087178505772,36.0
24.29425789683444,39.0
24.31764428457067,38.0
24.341030948564477,29.0
24.364417889114048,55.0
24.38780510651765,39.0
24.41119260107365,48.0
24.43458037308054,42.0
24.457968422836895,45.0
24.481356750641403,37.0
24.504745356792853,38.0
24.528134241590134,40.0
24.55152340533224,32.0
24.57491284831827,43.0
24.598302570847416,40.0
24.621692573218983,42.0
24.64508285573238,43.0
24.66847341868711,31.0
24.691864262382804,50.0
24.715255387119164,38.0
24.73864679319602,46.0
24.76203848091329,46.0
24.78543045057102,41.0
24.808822702469328,42.0
24.832215236908453,39.0
24.855608054188753,49.0
24.879001154610666,42.0
24.90239453847475,37.0
24.925788206081652,39.0
24.94918215773216,38.0
24.97257639372712,36.0
24.995970914367515,42.0
25.019365719954422,43.0
25.04276081078903,46.0
25.066156187172634,61.0
25.08955184940662,55.0
25.11294779779251,46.0
25.1363440326319,47.0
25.159740554226502,41.0
25.183137362878153,51.0
25.206534458888775,55.0
25.229931842560394,45.0
25.253329514195162,54.0
25.276727474095328,42.0
25.300125722563255,42.0
25.323524259901397,37.0
25.346923086412335,40.0
25.370322202398732,56.0
25.39372160816339,55.0
25.417121304009196,52.0
25.44052129023915,40.0
25.463921567156373,33.0
25.487322135064076,58.0
25.51072299426558,47.0
25.534124145064325,43.0
25.557525587763863,32.0
25.58092732266783,38.0
25.60432935008,51.0
25.62773167030423,42.0
25.651134283644517,41.0
25.674537190404934,41.0
25.697940390889684,55.0
25.721343885403073,42.0
25.74474767424953,56.0
25.768151757733552,35.0
25.791556136159798,42.0
25.814960809833018,43.0
25.838365779058044,45.0
25.861771044139868,51.0
25.885176605383553,56.0
25.90858246309429,53.0
25.931988617577385,44.0
25.95539506913823,46.0
25.978801818082353,54.0
26.00220886471539,44.0
26.025616209343077,51.0
26.04902385227127,52.0
26.07243179380593,58.0
26.095840034253136,47.0
26.11924857391908,57.0
26.142657413110054,62.0
26.16606655213248,68.0
26.18947599129287,78.0
26.212885730897863,91.0
26.236295771254216,99.0
26.259706112668795,85.0
26.28311675544855,98.0
26.306527699900577,92.0
26.3299389463321,89.0
26.353350495050403,95.0
26.376762346362913,78.0
26.400174500577183,67.0
26.423586958000858,66.0
26.446999718941704,54.0
26.4704127837076,56.0
26.493826152606555,43.0
26.517239825946653,46.0
26.540653804036133,48.0
26.564068087183323,48.0
26.587482675696677,56.0
26.610897569884756,40.0
26.63431277005624,53.0
26.657728276519933,55.0
26.681144089584734,49.0
26.704560209559673,53.0
26.727976636753894,66.0
26.751393371476638,57.0
26.77481041403729,46.0
26.79822776474533,40.0
26.821645423910354,37.0
26.845063391842093,51.0
26.868481668850382,55.0
26.89190025524515,54.0
26.915319151336487,41.0
26.938738357434566,51.0
26.96215787384969,52.0
26.985577700892275,50.0
27.00899783887284,53.0
27.03241828810206,53.0
27.055839048890682,51.0
27.0792601215496,58.0
27.102681506389825,48.0
27.126103203722458,54.0
27.149525213858734,49.0
27.17294753711003,45.0
27.196370173787805,31.0
27.21979312420365,44.0
27.243216388669282,52.0
27.26663996749652,40.0
27.29006386099732,43.0
27.31348806948374,53.0
27.336912593267964,57.0
27.360337432662288,50.0
27.383762587979152,43.0
27.40718805953108,55.0
27.430613847630735,54.0
27.454039952590907,53.0
27.477466374724496,55.0
27.500893114344507,49.0
27.52432017176408,47.0
27.547747547296495,54.0
27.57117524125511,59.0
27.59460325395343,42.0
27.618031585705076,49.0
27.6414602368238,53.0
27.664889207623443,57.0
27.688318498418006,53.0
27.711748109521587,51.0
27.7351780412484,56.0
27.758608293912797,39.0
27.782038867829254,45.0
27.805469763312352,48.0
27.828900980676803,54.0
27.85233252023744,52.0
27.875764382309228,59.0
27.89919656720722,56.0
27.922629075246633,64.0
27.94606190674279,67.0
27.969495062011124,77.0
27.992928541367217,73.0
28.01636234512674,74.0
28.039796473605517,84.0
28.063230927119488,99.0
28.086665705984707,100.0
28.110100810517352,122.0
28.13353624103373,129.0
28.156971997850288,142.0
28.18040808128356,150.0
28.203844491650226,141.0
28.2272812292671,124.0
28.250718294451097,101.0
28.27415568751928,84.0
28.297593408788806,74.0
28.321031458576996,65.0
28.344469837201263,68.0
28.367908544979148,55.0
28.39134758222834,57.0
28.414786949266652,59.0
28.438226646411984,54.0
28.461666673982403,47.0
28.485107032296078,53.0
28.508547721671313,48.0
28.531988742426545,56.0
28.555430094880315,53.0
28.578871779351328,55.0
28.60231379615837,40.0
28.625756145620386,53.0
28.649198828056434,37.0
28.67264184378571,41.0
28.696085193127516,46.0
28.7195288764013,51.0
28.742972893926645,54.0
28.766417246023234,52.0
28.789861933010897,47.0
28.813306955209583,46.0
28.836752312939375,47.0
28.860198006520484,43.0
28.88364403627325,53.0
28.907090402518136,47.0
28.930537105575727,50.0
28.95398414576675,65.0
28.977431523412065,55.0
29.000879238832646,64.0
29.0243272923496,60.0
29.047775684284176,68.0
29.07122441495773,70.0
29.094673484691768,64.0
29.11812289380791,73.0
29.14157264262792,81.0
29.165022731473677,80.0
29.18847316066721,87.0
29.211923930530652,75.0
29.235375041386288,68.0
29.258826493556544,68.0
29.282278287363933,62.0
29.305730423131138,64.0
29.329182901180946,58.0
29.35263572183631,52.0
29.37608888542028,53.0
29.399542392256066,47.0
29.422996242666965,48.0
29.44645043697648,55.0
29.46990497550815,49.0
29.49335985858574,57.0
29.516815086533075,82.0
29.540270659674167,41.0
29.563726578333114,46.0
29.58718284283418,60.0
29.610639453501754,46.0
29.63409641066035,51.0
29.657553714634606,54.0
29.681011365749317,57.0
29.704469364329405,66.0
29.72792771069992,62.0
29.75138640518604,55.0
29.77484544811308,64.0
29.798304839806516,55.0
29.82176458059192,54.0
29.845224670795,61.0
29.868685110741644,45.0
29.892145900757814,36.0
29.915607041169643,49.0
29.939068532303402,64.0
29.962530374485475,49.0
29.985992568042395,42.0
30.009455113300827,44.0
30.032918010587572,49.0
30.05638126022958,48.0
30.079844862553912,36.0
30.103308817887765,43.0
30.126773126558508,40.0
30.150237788893612,49.0
30.173702805220685,53.0
30.197168175867507,51.0
30.220633901161953,36.0
30.24409998143204,40.0
30.26756641700596,59.0
30.291033208211985,39.0
30.31450035537858,51.0
30.33796785883431,42.0
30.361435718907906,44.0
30.38490393592819,45.0
30.408372510224183,38.0
30.43184144212501,46.0
30.455310731959916,50.0
30.478780380058332,55.0
30.50225038674979,39.0
30.52572075236397,42.0
30.549191477230707,47.0
30.57266256167996,47.0
30.59613400604181,49.0
30.61960581064652,47.0
30.64307797582446,52.0
30.666550501906155,51.0
30.690023389222258,52.0
30.713496638103564,46.0
30.736970248881025,40.0
30.760444221885713,33.0
30.783918557448843,40.0
30.807393255901797,44.0
30.830868317576044,39.0
30.85434374280325,43.0
30.877819531915193,43.0
30.901295685243788,39.0
30.92477220312112,49.0
30.948249085879382,39.0
30.971726333850928,37.0
30.995203947368257,53.0
31.018681926763993,49.0
31.042160272370918,50.0
31.065638984521936,50.0
31.089118063550128,45.0
31.11259750978868,37.0
31.136077323570948,39.0
31.159557505230424,37.0
31.183038055100738,41.0
31.20651897351567,40.0
31.230000260809113,42.0
31.253481917315167,49.0
31.27696394336802,46.0
31.300446339302017,41.0
31.323929105451665,45.0
31.347412242151602,38.0
31.370895749736608,49.0
31.39437962854161,50.0
31.417863878901688,41.0
31.441348501152046,44.0
31.464833495628056,58.0
31.48831886266523,52.0
31.51180460259922,50.0
31.53529071576583,51.0
31.55877720250098,55.0
31.582264063140787,58.0
31.60575129802149,55.0
31.629238907479447,52.0
31.652726891851213,57.0
31.676215251473447,58.0
31.699703986682987,55.0
31.723193097816793,63.0
31.74668258521197,55.0
31.770172449205813,50.0
31.793662690135715,60.0
31.817153308339226,44.0
31.840644304154065,45.0
31.864135677918085,45.0
31.887627429969285,49.0
31.91111956064581,47.0
31.934612070285972,48.0
31.958104959228212,49.0
31.98159822781114,51.0
32.00509187637347,48.0
32.02858590525411,52.0
32.05208031479212,47.0
32.07557510532668,56.0
32.09907027719711,47.0
32.12256583074294,51.0
32.146061766303795,57.0
32.16955808421945,53.0
32.193054784829876,52.0
32.21655186847514,60.0
32.24004933549549,68.0
32.263547186231335,72.0
32.287045421023194,64.0
32.31054404021178,67.0
32.33404304413793,77.0
32.35754243314264,89.0
32.381042207567084,87.0
32.40454236775252,85.0
32.428042914040425,86.0
32.451543846772395,92.0
32.475045166290194,89.0
32.49854687293572,83.0
32.52204896705104,64.0
32.545551448978365,72.0
32.56905431906008,61.0
32.59255757763868,56.0
32.61606122505683,52.0
32.63956526165739,54.0
32.66306968778332,57.0
32.686574503777734,48.0
32.71007970998396,51.0
32.733585306745404,50.0
32.757091294405676,51.0
32.78059767330853,54.0
32.80410444379785,54.0
32.827611606217715,53.0
32.85111916091232,62.0
32.87462710822605,52.0
32.89813544850341,54.0
32.9216441820891,50.0
32.94515330932794,62.0
32.96866283056493,54.0
32.99217274614521,56.0
33.015683056414076,56.0
33.039193761716994,46.0
33.06270486239956,49.0
33.08621635880758,46.0
33.10972825128695,48.0
33.13324054018376,63.0
33.156753225844284,60.0
33.18026630861486,49.0
33.2037797888421,59.0
33.22729366687269,55.0
33.2508079430535,60.0
33.27432261773158,51.0
33.29783769125408,53.0
33.32135316396838,54.0
33.34486903622198,52.0
33.368385308362534,42.0
33.391901980737856,39.0
33.41541905369593,44.0
33.4389365275849,42.0
33.46245440275307,41.0
33.4859726795489,33.0
33.509491358321,42.0
33.533010439418135,41.0
33.55652992318927,43.0
33.580049809983464,49.0
33.60357010015002,38.0
33.627090794038324,34.0
33.65061189199797,35.0
33.67413339437869,37.0
33.697655301530396,47.0
33.721177613803135,41.0
33.74470033154716,49.0
33.76822345511282,50.0
33.791746984850676,46.0
33.81527092111144,39.0
33.83879526424599,41.0
33.86232001460534,42.0
33.88584517254069,45.0
33.90937073840341,44.0
33.93289671254501,41.0
33.95642309531719,36.0
33.97994988707178,41.0
34.00347708816079,39.0
34.02700469893641,37.0
34.05053271975096,45.0
34.07406115095697,37.0
34.09758999290706,38.0
34.1211192459541,32.0
34.14464891045104,28.0
34.1681789867511,33.0
34.19170947520755,37.0
34.21524037617391,41.0
34.23877169000381,47.0
34.262303417051086,45.0
34.28583555766972,41.0
34.309368112213846,53.0
34.332901081037804,46.0
34.35643446449606,47.0
34.37996826294325,35.0
34.40350247673421,38.0
34.42703710622393,40.0
34.45057215176752,46.0
34.47410761372032,49.0
34.4976434924378,46.0
34.52117978827562,50.0
34.54471650158959,50.0
34.56825363273568,44.0
34.59179118207007,38.0
34.61532914994906,51.0
34.63886753672914,45.0
34.662406342766964,45.0
34.685945568419356,56.0
34.709485214043326,53.0
34.73302527999601,55.0
34.75656576663475,42.0
34.78010667431705,42.0
34.80364800340058,54.0
34.82718975424317,40.0
34.85073192720283,45.0
34.87427452263775,41.0
34.89781754090627,36.0
34.92136098236691,49.0
34.944904847378375,50.0
34.968449136299505,49.0
34.99199384948934,41.0
35.01553898730708,40.0
35.0390845501121,42.0
35.06263053826395,50.0
35.086176952122344,52.0
35.10972379204716,48.0
35.13327105839849,48.0
35.15681875153653,48.0
35.18036687182171,52.0
35.2039154196146,63.0
35.22746439527595,79.0
35.251013799166685,65.0
35.274563631647894,72.0
35.29811389308087,80.0
35.32166458382703,81.0
35.345215704248005,100.0
35.36876725470559,119.0
35.39231923556174,125.0
35.41587164717859,129.0
35.43942448991848,125.0
35.462977764143865,162.0
35.486531470217436,119.0
35.51008560850202,79.0
35.53364017936063,87.0
35.55719518315645,66.0
35.580750620252836,45.0
35.60430649101336,44.0
35.62786279580171,54.0
35.65141953498181,54.0
35.67497670891769,36.0
35.698534317973625,38.0
35.722092362514005,48.0
35.74565084290346,44.0
35.76920975950675,51.0
35.79276911268883,47.0
35.816328902814824,38.0
35.83988913025006,42.0
35.863449795360005,39.0
35.88701089851032,32.0
35.91057244006687,36.0
35.934134420395665,40.0
35.95769683986289,44.0
35.98125969883494,48.0
36.00482299767837,43.0
36.0283867367599,39.0
36.05195091644646,42.0
36.07551553710513,43.0
36.09908059910324,31.0
36.122646102808176,27.0
36.146212048587586,33.0
36.1697784368093,39.0
36.193345267841316,38.0
36.216912542051816,38.0
36.24048025980913,45.0
36.26404842148184,36.0
36.287617027438614,42.0
36.31118607804839,46.0
36.33475557368024,36.0
36.35832551470342,31.0
36.38189590148738,28.0
36.405466734401756,38.0
36.42903801381637,41.0
36.45260974010119,34.0
36.476181913626405,32.0
36.49975453476239,42.0
36.52332760387966,32.0
36.54690112134896,37.0
36.5704750875412,33.0
36.59404950282747,37.0
36.61762436757905,48.0
36.6411996821674,52.0
36.66477544696415,41.0
36.68835166234118,48.0
36.71192832867045,40.0
36.73550544632421,37.0
36.75908301567481,39.0
36.78266103709483,33.0
36.80623951095704,38.0
36.82981843763438,32.0
36.853397817499975,38.0
36.87697765092715,33.0
36.90055793828939,40.0
36.92413867996038,49.0
36.94771987631403,45.0
36.971301527724364,33.0
36.99488363456565,38.0
37.01846619721232,32.0
37.04204921603902,35.0
37.06563269142052,40.0
37.08921662373185,32.0
37.1128010133482,38.0
37.13638586064492,35.0
37.159971165997604,41.0
37.183556929782014,38.0
37.20714315237406,39.0
37.2307298341499,38.0
37.25431697548583,39.0
37.27790457675839,45.0
37.301492638344264,44.0
37.32508116062035,35.0
37.34867014396372,38.0
37.37225958875167,34.0
37.395849495361645,33.0
37.41943986417129,32.0
37.44303069555847,38.0
37.466621989901206,29.0
37.490213747577734,34.0
37.513805968966466,39.0
37.53739865444601,35.0
37.560991804395194,36.0
37.584585419192976,40.0
37.608179499218565,34.0
37.631774044851326,33.0
37.65536905647087,43.0
37.6789645344569,47.0
37.70256047918943,58.0
37.72615689104858,47.0
37.74975377041472,45.0
37.7733511176684,50.0
37.7969489331903,53.0
37.82054721736141,46.0
37.84414597056281,50.0
37.867745193175836,49.0
37.891344885581994,47.0
37.91494504816301,56.0
37.938545681300766,46.0
37.962146785377385,44.0
37.985748360775126,37.0
38.0093504078765,37.0
38.032952927064215,39.0
38.05655591872111,45.0
38.08015938323031,40.0
38.10376332097505,33.0
38.12736773233883,36.0
38.15097261770532,38.0
38.174577977458384,43.0
38.19818381198208,42.0
38.221790121660675,45.0
38.24539690687863,39.0
38.26900416802061,31.0
38.29261190547148,32.0
38.31622011961628,38.0
38.33982881084029,30.0
38.363437979528946,34.0
38.38704762606789,36.0
38.410657750843015,42.0
38.434268354240345,43.0
38.457879436646145,41.0
38.481490998446866,58.0
38.50510304002917,44.0
38.52871556177989,42.0
38.55232856408612,44.0
38.57594204733506,42.0
38.59955601191422,31.0
38.62317045821125,36.0
38.646785386613985,38.0
38.67040079751053,32.0
38.69401669128911,39.0
38.71763306833821,33.0
38.7412499290465,27.0
38.76486727380284,34.0
38.788485102996326,37.0
38.812103417016225,35.0
38.83572221625203,32.0
38.85934150109342,37.0
38.88296127193028,30.0
38.906581529152696,29.0
38.930202273151004,32.0
38.95382350431566,30.0
38.97744522303739,27.0
39.00106742970712,34.0
39.02469012471593,32.0
39.0483133084552,25.0
39.071936981316405,34.0
39.09556114369129,36.0
39.119185795971816,38.0
39.14281093855013,36.0
39.166436571818544,31.0
39.190062696169655,32.0
39.213689311996234,33.0
39.23731641969121,33.0
39.260944019647816,31.0
39.28457211225939,32.0
39.30820069791958,39.0
39.33182977702215,27.0
39.355459349961116,29.0
39.37908941713072,33.0
39.402719978925376,29.0
39.42635103573972,37.0
39.44998258796859,36.0
39.47361463600708,41.0
39.4972471802504,33.0
39.52088022109407,25.0
39.54451375893376,26.0
39.568147794165355,29.0
39.59178232718497,28.0
39.61541735838893,29.0
39.639052888173765,26.0
39.66268891693619,28.0
39.686325445073166,29.0
39.70996247298184,27.0
39.733600001059635,35.0
39.757238029704084,33.0
39.78087655931299,28.0
39.804515590284396,26.0
39.82815512301647,25.0
39.8517951579077,35.0
39.8754356953567,33.0
39.899076735762364,25.0
39.92271827952374,33.0
39.94636032704011,30.0
39.97000287871102,33.0
39.993645934936126,33.0
40.017289496115396,31.0
40.04093356264897,33.0
40.06457813493722,25.0
40.08822321338071,33.0
40.11186879838023,34.0
40.13551489033677,27.0
40.159161489651595,27.0
40.18280859672612,29.0
40.206456211961985,24.0
40.230104335761105,27.0
40.25375296852552,28.0
40.277402110657555,30.0
40.30105176255974,26.0
40.32470192463481,30.0
40.34835259728572,23.0
40.37200378091564,27.0
40.39565547592798,33.0
40.419307682726334,32.0
40.44296040171455,32.0
40.466613633296646,27.0
40.49026737787694,27.0
40.513921635859866,33.0
40.537576407650164,31.0
40.56123169365277,30.0
40.58488749427279,23.0
40.60854380991564,28.0
40.63220064098686,31.0
40.65585798789229,29.0
40.67951585103795,27.0
40.70317423083009,27.0
40.726833127675164,29.0
40.75049254197991,31.0
40.7741524741512,33.0
40.797812924596165,29.0
40.8214738937222,27.0
40.84513538193687,31.0
40.86879738964799,36.0
40.89245991726357,32.0
40.91612296519187,37.0
40.939786533841364,30.0
40.96345062362074,31.0
40.98711523493893,37.0
41.01078036820509,32.0
41.03444602382857,24.0
41.058112202218965,33.0
41.081778903786116,31.0
41.105446128940045,33.0
41.12911387809105,32.0
41.1527821516496,27.0
41.17645095002642,27.0
41.20012027363249,28.0
41.223790122878945,30.0
41.24746049817719,23.0
41.27113139993888,18.0
41.29480282857587,22.0
41.3184747845002,30.0
41.3421472681242,37.0
41.36582027986043,24.0
41.38949382012163,21.0
41.4131678893208,20.0
41.43684248787117,23.0
41.460517616186195,23.0
41.484193274679534,20.0
41.507869463765104,17.0
41.53154618385706,21.0
41.55522343536973,30.0
41.57890121871777,35.0
41.60257953431597,24.0
41.626258382579394,28.0
41.64993776392332,25.0
41.67361767876331,26.0
41.697298127515054,27.0
41.720979110594605,24.0
41.74466062841813,26.0
41.76834268140207,24.0
41.79202526996315,24.0
41.81570839451822,28.0
41.839392055484474,29.0
41.863076253279274,32.0
41.88676098832022,31.0
41.91044626102517,26.0
41.93413207181217,23.0
41.95781842109958,24.0
41.98150530930591,19.0
42.005192736849935,25.0
42.02888070415069,21.0
42.05256921162741,18.0
42.07625825969958,22.0
42.09994784878692,22.0
42.12363797930941,22.0
42.14732865168719,30.0
42.171019866340735,21.0
42.19471162369066,24.0
42.2184039241579,26.0
42.242096768163584,29.0
42.26579015612909,22.0
42.289484088476016,23.0
42.31317856562622,25.0
42.336873588001794,22.0
42.36056915602503,23.0
42.38426527011853,24.0
42.40796193070507,24.0
42.43165913820771,17.0
42.45535689304971,20.0
42.47905519565461,32.0
42.50275404644614,31.0
42.52645344584833,29.0
42.55015339428539,28.0
42.57385389218182,26.0
42.597554939962336,28.0
42.62125653805189,25.0
42.64495868687568,31.0
42.66866138685914,35.0
42.69236463842799,40.0
42.716068442008144,40.0
42.73977279802575,48.0
42.76347770690723,45.0
42.787183169079235,48.0
42.81088918496867,55.0
42.834595755002674,56.0
42.858302879608615,58.0
42.882010559214145,55.0
42.90571879424713,39.0
42.92942758513565,42.0
42.953136932308105,41.0
42.97684683619309,38.0
43.00055729721944,37.0
43.024268315816265,34.0
43.0479798924129,34.0
43.07169202743892,25.0
43.09540472132418,26.0
43.119117974498735,23.0
43.14283178739292,31.0
43.16654616043733,31.0
43.19026109406273,21.0
43.21397658870022,22.0
43.23769264478112,35.0
43.26140926273698,30.0
43.285126442999626,22.0
43.308844186001075,20.0
43.33256249217366,25.0
43.35628136194995,26.0
43.38000079576273,27.0
43.403720794045064,28.0
43.42744135723025,21.0
43.451162485751844,19.0
43.474884180043645,19.0
43.498606440539724,19.0
43.522329267674365,26.0
43.54605266188213,25.0
43.56977662359783,23.0
43.59350115325655,27.0
43.617226251293545,22.0
43.64095191814442,27.0
43.664678154244996,21.0
43.688404960031306,25.0
43.71213233593969,21.0
43.735860282406726,19.0
43.75958879986924,18.0
43.783317888764316,19.0
43.80704754952927,24.0
43.83077778260173,27.0
43.85450858841948,26.0
43.8782399674207,24.0
43.901971920043664,22.0
43.92570444672704,24.0
43.94943754790965,24.0
43.97317122403063,22.0
43.996905475529374,29.0
44.02064030284551,23.0
44.0443757064189,19.0
44.06811168668971,20.0
44.09184824409836,17.0
44.11558537908549,19.0
44.13932309209202,20.0
44.163061383559125,21.0
44.186800253928254,22.0
44.2105397036411,20.0
44.234279733139594,19.0
44.258020342866004,18.0
44.281761533262724,24.0
44.305503304772536,27.0
44.32924565783843,25.0
44.35298859290362,18.0
44.376732110411666,17.0
44.40047621080632,17.0
44.42422089453161,20.0
44.44796616203182,25.0
44.47171201375155,22.0
44.49545845013557,19.0
44.51920547162898,21.0
44.542953078677144,21.0
44.56670127172563,20.0
44.59045005122032,20.0
44.61419941760736,20.0
44.63794937133315,22.0
44.66169991284432,19.0
44.685451042587815,20.0
44.70920276101082,25.0
44.732955068560784,19.0
44.75670796568543,17.0
44.78046145283274,22.0
44.804215530450946,22.0
44.82797019898858,20.0
44.851725458894435,20.0
44.87548131061754,22.0
44.899237754607185,27.0
44.922994791313,23.0
44.9467524211848,19.0
44.97051064467271,17.0
44.99426946222709,22.0
45.018028874298615,29.0
45.04178888133822,25.0
45.065549483797064,21.0
45.0893106821266,22.0
45.11307247677858,19.0
45.136834868204986,19.0
45.16059785685807,23.0
45.18436144319038,18.0
45.20812562765473,18.0
45.23189041070419,20.0
45.2556557927921,20.0
45.27942177437206,21.0
45.303188355898016,23.0
45.326955537824084,25.0
45.35072332060469,24.0
45.37449170469459,21.0
45.39826069054871,18.0
45.42203027862234,20.0
45.44580046937098,19.0
45.46957126325044,22.0
45.49334266071678,22.0
45.51711466222637,18.0
45.5408872682358,16.0
45.56466047920198,23.0
45.58843429558209,21.0
45.612208717833575,18.0
45.63598374641413,18.0
45.65975938178178,17.0
45.68353562439479,17.0
45.7073124747117,23.0
45.731089933191335,19.0
45.754868000292824,24.0
45.77864667647553,26.0
45.80242596219908,15.0
45.82620585792349,16.0
45.849986364108894,23.0
45.87376748121583,22.0
45.897549209705055,23.0
45.9213315500376,17.0
45.94511450267483,16.0
45.968898068078346,19.0
45.99268224671005,21.0
46.016467039032065,26.0
46.04025244550689,28.0
46.064038466597225,23.0
46.0878251027661,19.0
46.1116123544768,18.0
46.135400222192914,20.0
46.15918870637829,23.0
46.18297780749705,22.0
46.20676752601366,24.0
46.23055786239279,27.0
46.254348817099434,25.0
46.2781403905989,23.0
46.30193258335671,20.0
46.32572539583869,20.0
46.349518828511,20.0
46.37331288184005,25.0
46.3971075562925,26.0
46.420902852335374,23.0
46.44469877043589,22.0
46.46849531106166,23.0
46.49229247468048,18.0
46.516090261760475,18.0
46.539888672770076,16.0
46.56368770817798,18.0
46.58748736845316,19.0
46.6112876540649,18.0
46.635088565482775,19.0
46.6588901031766,18.0
46.68269226761656,21.0
46.70649505927306,20.0
46.730298478616795,19.0
46.75410252611883,19.0
46.777907202250404,22.0
46.80171250748315,24.0
46.82551844228893,24.0
46.84932500713991,18.0
46.873132202508565,18.0
46.89694002886763,19.0
46.92074848669015,18.0
46.9445575764495,15.0
46.96836729861924,17.0
46.99217765367335,20.0
47.01598864208603,23.0
47.03980026433177,21.0
47.063612520885385,19.0
47.08742541222198,16.0
47.11123893881693,22.0
47.13505310114595,30.0
47.158867899684964,25.0
47.1826833349103,20.0
47.20649940729851,18.0
47.23031611732645,19.0
47.25413346547131,21.0
47.27795145221053,18.0
47.30177007802185,18.0
47.32558934338336,24.0
47.349409248773405,22.0
47.37322979467059,17.0
47.39705098155394,21.0
47.420872809902626,20.0
47.44469528019623,20.0
47.468518392914596,24.0
47.492342148537844,25.0
47.51616654754644,22.0
47.539991590421124,21.0
47.563817277642926,23.0
47.5876436096932,31.0
47.611470587053574,29.0
47.635298210206024,21.0
47.659126479632775,20.0
47.682955395816386,20.0
47.706784959239705,19.0
47.73061517038588,23.0
47.75444602973838,22.0
47.778277537780966,21.0
47.80210969499769,18.0
47.82594250187293,25.0
47.84977595889137,26.0
47.873610066537964,22.0
47.897444825297995,19.0
47.92128023565706,20.0
47.945116298101055,17.0
47.96895301311616,17.0
47.99279038118891,18.0
48.0166284028061,20.0
48.040467078454846,24.0
48.064306408622585,24.0
48.088146393797004,25.0
48.111987034466225,25.0
48.13582833111851,20.0
48.15967028424258,23.0
48.18351289432738,23.0
48.20735616186217,30.0
48.231200087336575,36.0
48.255044671240455,31.0
48.27888991406401,31.0
48.30273581629777,25.0
48.32658237843257,29.0
48.35042960095952,28.0
48.374277484370104,21.0
48.39812602915604,19.0
48.42197523580944,21.0
48.44582510482269,19.0
48.46967563668845,19.0
48.493526831899764,20.0
48.51737869094994,25.0
48.54123121433262,25.0
48.56508440254175,22.0
48.58893825607163,24.0
48.61279277541679,24.0
48.636647961072185,20.0
48.66050381353298,17.0
48.68436033329472,18.0
48.70821752085325,19.0
48.73207537670473,20.0
48.75593390134564,24.0
48.77979309527278,21.0
48.80365295898326,17.0
48.8275134929745,24.0
48.85137469774427,23.0
48.875236573790616,28.0
48.89909912161193,28.0
48.92296234170693,28.0
48.94682623457462,23.0
48.970690800714365,22.0
48.99455604062582,24.0
49.01842195480898,25.0
49.04228854376414,24.0
49.06615580799194,22.0
49.09002374799332,24.0
49.11389236426955,28.0
49.137761657322244,21.0
49.1616316276533,16.0
49.18550227576497,17.0
49.209373602159786,17.0
49.2332456073407,16.0
49.25711829181087,14.0
49.28099165607384,16.0
49.30486570063349,16.0
49.32874042599398,21.0
49.352615832659836,18.0
49.3764919211359,21.0
49.400368691927326,23.0
49.42424614553959,19.0
49.44812428247855,13.0
49.47200310325031,17.0
49.49588260836137,21.0
49.5197627983185,21.0
49.54364367362885,24.0
49.56752523479989,19.0
49.591407482339356,19.0
49.61529041675541,26.0
49.63917403855648,23.0
49.663058348251326,25.0
49.68694334634909,26.0
49.71082903335916,25.0
49.73471540979134,23.0
49.75860247615572,23.0
49.782490232962715,19.0
49.8063786807231,21.0
49.83026781994797,22.0
49.85415765114876,21.0
49.87804817483722,22.0
49.90193939152545,18.0
49.92583130172586,19.0
49.94972390595125,21.0
49.97361720471467,18.0
49.99751119852964,15.0
50.021405887909815,17.0
50.04530127336937,19.0
50.06919735542274,23.0
50.09309413458469,29.0
50.116991611370324,19.0
50.140889786295105,15.0
50.16478865987483,21.0
50.1886882326256,25.0
50.21258850506393,22.0
50.23648947770656,23.0
50.26039115107068,23.0
50.28429352567376,21.0
50.30819660203361,22.0
50.33210038066841,25.0
50.356004862096654,29.0
50.379910046837175,29.0
50.40381593540917,33.0
50.427722528332176,37.0
50.45162982612605,27.0
50.47553782931101,20.0
50.4994465384076,23.0
50.5233559539367,24.0
50.547266076419604,25.0
50.57117690637784,25.0
50.595088444333385,26.0
50.619000690808484,25.0
50.642913646325745,23.0
50.666827311408156,21.0
50.690741686579024,25.0
50.71465677236199,24.0
50.738572569281054,19.0
50.7624890778606,25.0
50.78640629862528,28.0
50.810324232100164,21.0
50.834242878810635,25.0
50.85816223928244,22.0
50.88208231404167,16.0
50.906003103614744,18.0
50.92992460852847,18.0
50.953846829309974,15.0
50.97776976648675,17.0
51.001693420586626,17.0
51.025617792137815,17.0
51.04954288166883,18.0
51.073468689708584,16.0
51.097395216786296,19.0
51.121322463431596,17.0
51.14525043017442,12.0
51.16917911754505,13.0
51.193108526074184,10.0
51.21703865629281,12.0
51.2409695087323,19.0
51.264901083924364,20.0
51.28883338240109,18.0
51.31276640469489,18.0
51.33670015133857,20.0
51.36063462286529,23.0
51.38456981980851,26.0
51.408505742702125,23.0
51.432442392080326,17.0
51.45637976847769,17.0
51.48031787242916,17.0
51.50425670447,15.0
51.528196265135904,17.0
51.552136554962836,17.0
51.57607757448719,18.0
51.600019324245686,20.0
51.62396180477542,18.0
51.64790501661385,20.0
51.671848960298775,21.0
51.695793636368364,22.0
51.71973904536116,25.0
51.74368518781607,22.0
51.76763206427235,21.0
51.79157967526962,20.0
51.81552802134788,20.0
51.83947710304747,19.0
51.863426920909134,17.0
51.88737747547392,21.0
51.91132876728331,22.0
51.9352807968791,19.0
51.95923356480346,20.0
51.98318707159895,22.0
52.0071413178085,16.0
52.03109630397537,13.0
52.055052030643225,15.0
52.07900849835606,21.0
52.10296570765827,20.0
52.126923659094636,19.0
52.15088235321024,16.0
52.17484179055061,16.0
52.198801971661595,21.0
52.22276289708943,21.0
52.24672456738074,23.0
52.270686983082484,21.0
52.29465014474201,17.0
52.318614052907044,17.0
52.342578708125686,20.0
52.36654411094639,20.0
52.390510261918024,22.0
52.41447716158977,19.0
52.43844481051126,21.0
52.46241320923241,23.0
52.48638235830357,23.0
52.51035225827548,22.0
52.53432290969921,25.0
52.55829431312624,24.0
52.5822664691084,18.0
52.60623937819791,17.0
52.63021304094739,16.0
52.65418745790978,18.0
52.678162629638464,21.0
52.70213855668715,20.0
52.726115239609996,18.0
52.75009267896143,21.0
52.774070875296395,21.0
52.79804982917008,17.0
52.822029541138164,18.0
52.84601001175664,21.0
52.8699912415819,23.0
52.89397323117074,23.0
52.91795598108031,23.0
52.941939491868155,24.0
52.96592376409221,25.0
52.98990879831078,25.0
53.01389459508255,28.0
53.037881154966634,33.0
53.06186847852247,30.0
53.0858565663099,33.0
53.10984541888919,35.0
53.133835036820926,36.0
53.15782542066616,34.0
53.18181657098627,26.0
53.20580848834304,27.0
53.22980117329864,33.0
53.253794626415626,30.0
53.27778884825697,25.0
53.301783839386,24.0
53.32577960036643,29.0
53.3497761317624,24.0
53.37377343413841,18.0
53.397771508059364,19.0
53.421770354090555,27.0
53.44576997279767,23.0
53.46977036474677,18.0
53.493771530504354,15.0
53.517773470637245,18.0
53.54177618571275,23.0
53.565779676298476,19.0
53.589783942962484,19.0
53.61378898627319,23.0
53.637794806799505,22.0
53.661801405110566,21.0
53.68580878177604,21.0
53.70981693736597,24.0
53.73382587245073,22.0
53.7578355876012,19.0
53.781846083388544,21.0
53.8058573603844,17.0
53.82986941916078,17.0
53.85388226029007,17.0
53.87789588434513,18.0
53.90191029189914,20.0
53.92592548352573,21.0
53.9499414597989,22.0
53.97395822129308,24.0
53.99797576858306,24.0
54.02199410224411,25.0
54.04601322285182,24.0
54.070033130982196,24.0
54.094053827211724,24.0
54.11807531211716,24.0
54.14209758627583,24.0
54.16612065026533,23.0
54.1901445046637,28.0
54.214169150049415,35.0
54.238194587001345,34.0
54.26222081609873,30.0
54.28624783792128,27.0
54.310275653049054,19.0
54.33430426206254,17.0
54.35833366554266,17.0
54.38236386407069,18.0
54.406394858228396,20.0
54.43042664859788,21.0
54.45445923576166,19.0
54.47849262030274,14.0
54.502526802804425,15.0
54.52656178385053,14.0
54.55059756402522,18.0
54.574634143913094,22.0
54.598671524099174,25.0
54.62270970516887,22.0
54.646748687708055,23.0
54.670788472302945,23.0
54.69482905954022,19.0
54.71887045000695,20.0
54.742912644290676,24.0
54.76695564297928,23.0
54.79099944666111,18.0
54.81504405592491,17.0
54.83908947135986,16.0
54.86313569355554,16.0
54.88718272310194,15.0
54.91123056058951,18.0
54.935279206609074,21.0
54.959328661751925,17.0
54.9833789266097,16.0
55.00743000177456,19.0
55.031481887839014,22.0
55.05553458539598,20.0
55.07958809503887,19.0
55.103642417361456,16.0
55.12769755295797,14.0
55.15175350242305,17.0
55.17581026635175,21.0
55.19986784533959,25.0
55.22392623998245,23.0
55.24798545087671,19.0
55.272045478619106,18.0
55.296106323806846,19.0
55.32016798703755,19.0
55.34423046890928,21.0
55.36829377002051,20.0
55.392357890970125,19.0
55.41642283235749,19.0
55.44048859478235,18.0
55.46455517884491,16.0
55.488622585145805,15.0
55.512690814286074,21.0
55.5367598668672,21.0
55.56082974349113,22.0
55.58490044476019,21.0
55.60897197127718,19.0
55.63304432364532,19.0
55.657117502468246,17.0
55.681191508350075,19.0
55.70526634189528,24.0
55.72934200370889,26.0
55.753418494396236,23.0
55.77749581456317,20.0
55.80157396481596,17.0
55.8256529457613,22.0
55.84973275800634,25.0
55.87381340215865,21.0
55.897894878826264,22.0
55.92197718861762,20.0
55.94606033214164,19.0
55.97014431000762,22.0
55.99422912282538,22.0
56.01831477120512,18.0
56.0424012557575,19.0
56.06648857709364,22.0
56.090576735825046,25.0
56.11466573256375,25.0
56.13875556792216,18.0
56.16284624251317,16.0
56.18693775695006,16.0
56.211030111846654,18.0
56.23512330781713,16.0
56.259217345476145,14.0
56.28331222543883,13.0
56.307407948320694,16.0
56.33150451473777,15.0
56.35560192530651,16.0
56.37970018064378,21.0
56.40379928136694,18.0
56.4278992280938,20.0
56.452000021442586,24.0
56.476101662031994,22.0
56.50020415048118,20.0
56.524307487409736,18.0
56.54841167343773,22.0
56.572516709185635,24.0
56.59662259527444,21.0
56.62072933232553,16.0
56.64483692096079,16.0
56.66894536180253,20.0
56.69305465547351,19.0
56.717164802597,18.0
56.74127580379665,21.0
56.76538765969661,21.0
56.78950037092149,18.0
56.81361393809635,17.0
56.83772836184669,16.0
56.86184364279852,18.0
56.88595978157823,24.0
56.910076778812744,25.0
56.93419463512941,23.0
56.95831335115603,26.0
56.98243292752092,28.0
57.006553364852785,22.0
57.03067466378084,16.0
57.05479682493476,22.0
57.07891984894465,28.0
57.10304373644111,23.0
57.1271684880552,18.0
57.151294104418454,18.0
57.17542058616284,21.0
57.199547933920826,20.0
57.22367614832532,18.0
57.24780523000971,19.0
57.27193517960788,22.0
57.296065997754106,18.0
57.32019768508322,15.0
57.34433024223048,18.0
57.368463669831584,24.0
57.392597968522765,26.0
57.41673313894067,24.0
57.44086918172248,18.0
57.46500609750578,15.0
57.48914388692869,17.0
57.51328255062971,17.0
57.53742208924795,17.0
57.561562503422856,19.0
57.58570379379446,20.0
57.60984596100319,19.0
57.63398900568999,17.0
57.65813292849627,17.0
57.68227773006392,19.0
57.7064234110353,21.0
57.73056997205325,20.0
57.7547174137611,18.0
57.77886573680266,20.0
57.80301494182216,18.0
57.82716502946442,15.0
57.85131600037465,18.0
57.87546785519858,21.0
57.89962059458238,19.0
57.923774219172785,15.0
57.947928729616926,15.0
57.97208412656248,20.0
57.996240410657556,24.0
58.02039758255078,20.0
58.04455564289127,18.0
58.0687145923286,18.0
58.092874431512854,20.0
58.11703516109459,16.0
58.14119678172485,14.0
58.165359294055186,17.0
58.18952269873761,16.0
58.21368699642464,12.0
58.237852187769285,16.0
58.26201827342504,22.0
58.286185254045854,20.0
58.31035313028625,14.0
58.334521902801164,16.0
58.35869157224606,22.0
58.38286213927689,25.0
58.4070336045501,22.0
58.43120596872264,21.0
58.455379232451904,22.0
58.479553396395865,19.0
58.50372846121291,17.0
58.52790442756197,18.0
58.55208129610246,17.0
58.576259067494306,18.0
58.6004377423979,19.0
58.62461732147416,22.0
58.648797805384504,17.0
58.672979194790805,17.0
58.6971614903555,18.0
58.72134469274148,15.0
58.745528802612185,16.0
58.76971382063147,16.0
58.79389974746382,16.0
58.81808658377406,18.0
58.84227433022769,18.0
58.866462987490614,19.0
58.89065255622922,16.0
58.91484303711049,18.0
58.93903443080184,18.0
58.963226737971205,15.0
58.98741995928707,19.0
59.01161409541837,18.0
59.03580914703456,17.0
59.060005114805655,14.0
59.084201999402104,12.0
59.108399801494926,15.0
59.132598521755625,17.0
59.1567981608562,14.0
59.1809987194692,14.0
59.20520019826765,15.0
59.22940259792511,13.0
59.25360591911566,17.0
59.27781016251386,21.0
59.302015328794816,15.0
59.32622141863413,12.0
59.35042843270794,16.0
59.37463637169289,21.0
59.39884523626611,18.0
59.42305502710531,15.0
59.44726574488868,17.0
59.47147739029493,19.0
59.49568996400328,19.0
59.5199034666935,17.0
59.54411789904584,17.0
59.568333261741124,15.0
59.59254955546066,17.0
59.61676678088625,17.0
59.640984938700306,17.0
59.665204029585695,18.0
59.689424054225796,12.0
59.7136450133046,17.0
59.73786690750652,17.0
59.762089737516554,13.0
59.78631350402021,14.0
59.810538207703516,13.0
59.83476384925306,19.0
59.858990429355934,21.0
59.88321794869973,16.0
59.90744640797264,14.0
59.931675807863314,19.0
59.95590614906099,19.0
59.9801374322554,17.0
60.00436965813682,19.0
60.02860282739605,18.0
60.05283694072445,16.0
60.0770719988139,18.0
60.10130800235678,17.0
60.12554495204607,17.0
60.14978284857523,21.0
60.17402169263828,18.0
60.198261484929766,21.0
60.222502226144805,23.0
60.246743916979,21.0
60.270986558128556,19.0
60.295230150290145,17.0
60.319474694161016,18.0
60.34372019043899,15.0
60.36796663982235,16.0
60.39221404300999,17.0
60.41646240070135,16.0
60.44071171359634,19.0
60.46496198239548,18.0
60.48921320779985,17.0
60.513465390511,18.0
60.53771853123105,20.0
60.56197263066274,16.0
60.58622768950924,19.0
60.61048370847437,24.0
60.634740688262454,19.0
60.65899862957833,17.0
60.68325753312746,26.0
60.707517399615774,29.0
60.73177822974984,24.0
60.756040024236704,20.0
60.78030278378402,21.0
60.804566509099935,28.0
60.82883120089321,29.0
60.85309685987312,28.0
60.8773634867495,33.0
60.901631082232775,29.0
60.92589964703387,24.0
60.95016918186428,22.0
60.97443968743613,19.0
60.998711164461994,15.0
61.022983613655065,18.0
61.0472570357291,23.0
61.07153143139839,21.0
61.095806801377776,17.0
61.120083146382726,18.0
61.144360467129175,16.0
61.168638764333714,17.0
61.192918038713444,22.0
61.21719829098601,22.0
61.241479521869664,17.0
61.26576173208325,16.0
61.29004492234607,22.0
61.3143290933781,23.0
61.33861424589984,15.0
61.362900380632325,11.0
61.38718749829725,13.0
61.41147559961678,16.0
61.43576468531372,16.0
61.46005475611138,17.0
61.4843458127337,21.0
61.508637855905185,20.0
61.532930886350876,16.0
61.5572249047964,18.0
61.58151991196799,21.0
61.605815908592405,23.0
61.630112895397005,20.0
61.65441087310973,17.0
61.67870984245909,17.0
61.70300980417419,18.0
61.72731075898466,17.0
61.75161270762076,18.0
61.77591565081331,19.0
61.8002195892937,17.0
61.82452452379393,16.0
61.84883045504653,15.0
61.8731373837847,16.0
61.89744531074213,20.0
61.92175423665312,17.0
61.94606416225258,17.0
61.970375088275986,18.0
61.99468701545941,19.0
62.01899994453946,22.0
62.04331387625344,18.0
62.06762881133911,15.0
62.09194475053491,16.0
62.116261694579855,15.0
62.140579644213474,16.0
62.164898600176016,16.0
62.1892185632082,13.0
62.213539534051414,14.0
62.23786151344759,15.0
62.262184502139306,18.0
62.28650850086965,24.0
62.3108335103824,13.0
62.33515953142185,11.0
62.35948656473296,15.0
62.38381461106121,14.0
62.40814367115274,13.0
62.432473745754265,16.0
62.456804835613084,20.0
62.48113694147712,16.0
62.50547006409489,10.0
62.52980420421548,14.0
62.55413936258861,14.0
62.578475539964614,13.0
62.6028127370944,15.0
62.627150954729466,16.0
62.65149019362199,20.0
62.67583045452463,21.0
62.70017173819078,16.0
62.72451404537437,15.0
62.74885737682993,13.0
62.773201733312604,15.0
62.7975471155782,20.0
62.82189352438304,19.0
62.84624096048413,20.0
62.87058942463909,22.0
62.89493891760608,20.0
62.919289440143956,22.0
62.94364099301211,21.0
62.96799357697058,19.0
62.99234719278005,26.0
63.0167018412018,28.0
63.04105752299769,21.0
63.06541423893022,17.0
63.08977198976252,11.0
63.114130776258335,13.0
63.13849059918203,20.0
63.16285145929854,22.0
63.187213357373494,18.0
63.2115762941731,18.0
63.23594027046419,17.0
63.26030528701423,15.0
63.284671344591295,16.0
63.3090384439641,19.0
63.33340658590196,19.0
63.35777577117484,19.0
63.382146000553355,21.0
63.40651727480863,20.0
63.43088959471257,17.0
63.455262961037626,20.0
63.47963737455687,18.0
63.50401283604404,14.0
63.528389346273485,15.0
63.55276690602019,18.0
63.57714551605976,15.0
63.60152517716843,14.0
63.62590589012313,15.0
63.65028765570132,18.0
63.67467047468119,21.0
63.699054347841496,20.0
63.72343927596168,20.0
63.747825259821795,22.0
63.77221230020255,19.0
63.796600397885236,17.0
63.82098955365187,16.0
63.84537976828504,20.0
63.86977104256805,18.0
63.89416337728473,18.0
63.918556773219684,15.0
63.942951231158055,14.0
63.96734675188565,15.0
63.99174333618902,18.0
64.01614098485518,15.0
64.040539698672,16.0
64.06493947842782,19.0
64.08934032491169,19.0
64.11374223891336,16.0
64.13814522122318,15.0
64.16254927263215,13.0
64.18695439393193,12.0
64.21136058591479,17.0
64.23576784937376,22.0
64.26017618510241,20.0
64.28458559389503,16.0
64.30899607654652,15.0
64.3334076338525,17.0
64.35782026660917,18.0
64.38223397561343,13.0
64.40664876166285,13.0
64.4310646255556,19.0
64.45548156809062,15.0
64.4798995900674,17.0
64.5043186922861,19.0
64.52873887554763,16.0
64.55316014065346,16.0
64.57758248840581,17.0
64.6020059196075,20.0
64.62643043506205,16.0
64.65085603557363,18.0
64.67528272194708,18.0
64.6997104949879,20.0
64.7241393555023,22.0
64.74856930429712,18.0
64.77300034217986,19.0
64.79743246995871,15.0
64.8218656884425,15.0
64.84629999844084,17.0
64.87073540076389,19.0
64.89517189622251,20.0
64.9196094856283,18.0
64.94404816979346,17.0
64.9684879495309,17.0
64.9929288256542,19.0
65.01737079897764,17.0
65.04181387031613,14.0
65.06625804048532,14.0
65.09070331030152,15.0
65.11514968058168,17.0
65.13959715214348,20.0
65.16404572580525,15.0
65.18849540238605,12.0
65.21294618270558,17.0
65.23739806758425,19.0
65.26185105784315,12.0
65.28630515430403,17.0
65.31076035778939,18.0
65.33521666912237,19.0
65.3596740891268,20.0
65.38413261862722,22.0
65.40859225844883,20.0
65.43305300941759,14.0
65.45751487236008,18.0
65.48197784810363,15.0
65.50644193747617,16.0
65.5309071413065,20.0
65.55537346042394,17.0
65.57984089565855,16.0
65.60430944784119,11.0
65.62877911780328,16.0
65.65324990637704,19.0
65.67772181439534,17.0
65.70219484269178,13.0
65.72666899210066,19.0
65.75114426345691,20.0
65.77562065759629,20.0
65.80009817535515,20.0
65.82457681757063,21.0
65.84905658508053,15.0
65.87353747872339,14.0
65.89801949933842,12.0
65.92250264776553,12.0
65.94698692484543,14.0
65.97147233141943,19.0
65.99595886832964,21.0
66.0204465364188,21.0
66.04493533653041,16.0
66.06942526950874,16.0
66.09391633619865,17.0
66.11840853744579,15.0
66.14290187409657,21.0
66.16739634699802,20.0
66.19189195699794,16.0
66.21638870494486,18.0
66.24088659168801,18.0
66.26538561807736,22.0
66.28988578496357,19.0
66.31438709319806,19.0
66.33888954363294,24.0
66.3633931371211,21.0
66.38789787451606,23.0
66.41240375667218,19.0
66.43691078444446,16.0
66.46141895868868,19.0
66.48592828026132,23.0
66.51043875001957,16.0
66.53495036882146,15.0
66.55946313752563,18.0
66.58397705699146,17.0
66.60849212807916,16.0
66.63300835164958,16.0
66.65752572856438,22.0
66.68204425968587,17.0
66.70656394587716,17.0
66.73108478800211,18.0
66.7556067869253,12.0
66.78012994351197,18.0
66.80465425862825,19.0
66.82917973314092,16.0
66.85370636791751,17.0
66.87823416382629,19.0
66.9027631217363,16.0
66.92729324251734,19.0
66.9518245270399,21.0
66.97635697617525,17.0
67.00089059079542,19.0
67.02542537177317,27.0
67.049961319982,23.0
67.07449843629621,16.0
67.09903672159082,15.0
67.12357617674157,24.0
67.14811680262498,27.0
67.1726586001184,22.0
67.19720157009978,17.0
67.22174571344799,12.0
67.24629103104253,17.0
67.27083752376376,20.0
67.2953851924927,16.0
67.31993403811123,14.0
67.34448406150189,15.0
67.36903526354807,15.0
67.39358764513386,20.0
67.4181412071442,18.0
67.44269595046467,18.0
67.46725187598173,16.0
67.49180898458256,17.0
67.51636727715507,16.0
67.54092675458803,16.0
67.56548741777092,17.0
67.59004926759395,18.0
67.61461230494821,22.0
67.63917653072548,17.0
67.66374194581833,20.0
67.68830855112012,16.0
67.712876347525,13.0
67.73744533592784,10.0
67.76201551722436,12.0
67.78658689231099,18.0
67.81115946208499,24.0
67.8357332274444,19.0
67.86030818928796,16.0
67.88488434851533,17.0
67.90946170602683,21.0
67.93404026272367,17.0
67.95862001950772,20.0
67.98320097728175,17.0
68.00778313694929,13.0
68.03236649941456,20.0
68.05695106558277,15.0
68.08153683635969,23.0
68.1061238126521,20.0
68.13071199536736,19.0
68.1553013854138,16.0
68.17989198370044,17.0
68.20448379113715,17.0
68.22907680863459,19.0
68.25367103710417,18.0
68.27826647745812,14.0
68.30286313060951,18.0
68.32746099747219,25.0
68.35206007896073,19.0
68.37666037599068,19.0
68.40126188947822,13.0
68.4258646203404,17.0
68.45046856949511,21.0
68.475073737861,14.0
68.49968012635753,20.0
68.52428773590496,22.0
68.54889656742444,17.0
68.57350662183781,20.0
68.59811790006782,18.0
68.62273040303798,22.0
68.64734413167258,22.0
68.67195908689683,26.0
68.69657526963668,27.0
68.7211926808189,26.0
68.7458113213711,14.0
68.7704311922217,16.0
68.79505229429994,19.0
68.81967462853586,16.0
68.84429819586036,15.0
68.86892299720512,14.0
68.89354903350268,19.0
68.91817630568639,14.0
68.94280481469046,15.0
68.96743456144982,12.0
68.99206554690036,16.0
69.01669777197876,16.0
69.04133123762242,21.0
69.06596594476973,18.0
69.09060189435984,18.0
69.11523908733274,19.0
69.1398775246292,18.0
69.16451720719091,18.0
69.18915813596038,12.0
69.2138003118809,18.0
69.23844373589667,20.0
69.2630884089527,14.0
69.28773433199483,18.0
69.3123815059697,16.0
69.33702993182492,18.0
69.36167961050879,19.0
69.3863305429706,21.0
69.41098273016036,22.0
69.43563617302901,10.0
69.46029087252832,14.0
69.48494682961086,16.0
69.50960404523013,14.0
69.53426252034043,15.0
69.55892225589692,17.0
69.58358325285558,16.0
69.60824551217334,17.0
69.6329090348079,22.0
69.65757382171783,19.0
69.68223987386257,13.0
69.70690719220244,16.0
69.73157577769858,17.0
69.75624563131302,16.0
69.78091675400863,20.0
69.80558914674918,15.0
69.83026281049926,14.0
69.85493774622437,19.0
69.87961395489077,12.0
69.90429143746574,11.0
69.92897019491734,17.0
69.95365022821453,14.0
69.97833153832708,14.0
70.00301412622574,12.0
70.02769799288203,14.0
70.05238313926839,24.0
70.07706956635816,16.0
70.10175727512552,19.0
70.12644626654549,20.0
70.15113654159406,19.0
70.17582810124802,16.0
70.2005209464851,20.0
70.22521507828387,21.0
70.24991049762383,22.0
70.2746072054853,18.0
70.29930520284954,14.0
70.32400449069863,19.0
70.34870507001565,22.0
70.37340694178444,24.0
70.39811010698986,18.0
70.42281456661753,17.0
70.44752032165403,25.0
70.47222737308685,27.0
70.49693572190438,24.0
70.5216453690958,21.0
70.54635631565132,18.0
70.571068562562,15.0
70.59578211081974,16.0
70.62049696141747,19.0
70.64521311534885,18.0
70.66993057360861,14.0
70.69464933719229,16.0
70.71936940709632,12.0
70.7440907843181,14.0
70.7688134698559,16.0
70.7935374647089,13.0
70.81826276987722,8.0
70.84298938636186,17.0
70.86771731516471,14.0
70.89244655728862,18.0
70.91717711373731,22.0
70.94190898551547,23.0
70.96664217362864,17.0
70.99137667908337,12.0
71.01611250288704,17.0
71.04084964604797,15.0
71.06558810957543,17.0
71.09032789447961,19.0
71.11506900177156,17.0
71.13981143246338,16.0
71.16455518756796,15.0
71.18930026809919,17.0
71.21404667507187,22.0
71.23879440950176,18.0
71.26354347240554,13.0
71.28829386480078,11.0
71.313045587706,15.0
71.33779864214065,12.0
71.36255302912522,13.0
71.38730874968098,22.0
71.41206580483019,19.0
71.43682419559613,17.0
71.4615839230029,21.0
71.48634498807564,19.0
71.51110739184034,15.0
71.53587113532403,12.0
71.56063621955461,16.0
71.585402645561,16.0
71.610170414373,16.0
71.63493952702137,19.0
71.65970998453783,19.0
71.68448178795511,20.0
71.70925493830674,18.0
71.7340294366274,22.0
71.75880528395257,21.0
71.78358248131877,16.0
71.80836102976343,18.0
71.83314093032497,14.0
71.85792218404279,16.0
71.88270479195717,11.0
71.90748875510947,10.0
71.93227407454185,14.0
71.95706075129762,12.0
71.98184878642094,15.0
72.00663818095697,15.0
72.03142893595182,14.0
72.0562210524526,20.0
72.0810145315074,24.0
72.10580937416526,20.0
72.13060558147615,20.0
72.15540315449107,15.0
72.18020209426203,14.0
72.20500240184192,23.0
72.22980407828473,19.0
72.25460712464528,15.0
72.27941154197953,17.0
72.30421733134432,14.0
72.32902449379752,23.0
72.35383303039792,15.0
72.37864294220539,13.0
72.40345423028074,18.0
72.42826689568577,18.0
72.45308093948324,22.0
72.47789636273697,19.0
72.50271316651171,12.0
72.52753135187331,14.0
72.55235091988844,18.0
72.57717187162493,17.0
72.60199420815152,18.0
72.62681793053797,13.0
72.65164303985506,17.0
72.67646953717458,16.0
72.70129742356924,22.0
72.72612670011286,22.0
72.75095736788023,18.0
72.77578942794712,15.0
72.80062288139035,15.0
72.82545772928772,14.0
72.85029397271802,19.0
72.87513161276115,21.0
72.8999706504979,11.0
72.92481108701021,14.0
72.94965292338087,15.0
72.97449616069383,20.0
72.99934080003403,18.0
73.02418684248737,23.0
73.0490342891408,18.0
73.07388314108238,19.0
73.09873339940108,15.0
73.12358506518693,17.0
73.14843813953104,21.0
73.17329262352544,23.0
73.19814851826331,20.0
73.22300582483876,13.0
73.24786454434707,20.0
73.27272467788434,17.0
73.29758622654796,15.0
73.32244919143615,18.0
73.34731357364828,19.0
73.3721793742847,15.0
73.39704659444688,18.0
73.42191523523725,22.0
73.44678529775929,25.0
73.47165678311761,19.0
73.49652969241778,19.0
73.52140402676646,20.0
73.54627978727133,17.0
73.57115697504118,14.0
73.59603559118574,15.0
73.62091563681595,20.0
73.64579711304366,19.0
73.67068002098185,16.0
73.69556436174457,14.0
73.7204501364469,20.0
73.74533734620495,21.0
73.77022599213599,23.0
73.79511607535824,18.0
73.82000759699106,22.0
73.8449005581549,15.0
73.86979495997113,14.0
73.8946908035624,16.0
73.91958809005226,19.0
73.94448682056542,14.0
73.9693869962276,13.0
73.99428861816571,13.0
74.01919168750759,11.0
74.04409620538226,14.0
74.06900217291981,16.0
74.09390959125136,23.0
74.11881846150918,15.0
74.14372878482652,14.0
74.16864056233784,17.0
74.1935537951786,12.0
74.2184684844854,11.0
74.24338463139588,18.0
74.26830223704884,17.0
74.29322130258407,23.0
74.31814182914256,15.0
74.34306381786635,17.0
74.36798726989855,23.0
74.39291218638344,15.0
74.41783856846631,13.0
74.44276641729361,17.0
74.46769573401286,19.0
74.49262651977276,13.0
74.51755877572303,17.0
74.54249250301453,20.0
74.56742770279918,15.0
74.59236437623015,21.0
74.61730252446152,16.0
74.64224214864872,18.0
74.66718324994804,19.0
74.69212582951707,21.0
74.71706988851447,10.0
74.7420154281,13.0
74.76696244943454,15.0
74.79191095368013,14.0
74.81686094199988,17.0
74.84181241555804,22.0
74.86676537552009,17.0
74.89171982305241,27.0
74.91667575932274,22.0
74.94163318549981,24.0
74.96659210275358,21.0
74.99155251225508,25.0
75.01651441517647,18.0
75.0414778126911,20.0
75.0664427059734,18.0
75.09140909619897,21.0
75.11637698454459,18.0
75.14134637218815,19.0
75.16631726030857,16.0
75.19128965008618,17.0
75.21626354270222,26.0
75.24123893933918,23.0
75.26621584118068,28.0
75.29119424941152,16.0
75.31617416521762,12.0
75.34115558978606,12.0
75.36613852430514,11.0
75.3911229699642,14.0
75.4161089279539,19.0
75.44109639946586,13.0
75.46608538569306,17.0
75.49107588782954,25.0
75.51606790707051,14.0
75.54106144461238,18.0
75.56605650165271,18.0
75.59105307939025,30.0
75.61605117902492,23.0
75.64105080175781,14.0
75.66605194879118,13.0
75.69105462132846,14.0
75.71605882057428,17.0
75.74106454773444,18.0
75.76607180401597,13.0
75.79108059062698,16.0
75.81609090877686,13.0
75.84110275967618,16.0
75.86611614453666,12.0
75.89113106457124,19.0
75.91614752099397,26.0
75.9411655150203,17.0
75.96618504786663,19.0
75.99120612075072,19.0
76.01622873489146,10.0
76.04125289150898,16.0
76.06627859182457,14.0
76.09130583706079,20.0
76.11633462844131,23.0
76.14136496719112,23.0
76.16639685453632,14.0
76.1914302917043,13.0
76.21646527992354,25.0
76.24150182042392,13.0
76.26653991443641,20.0
76.29157956319317,17.0
76.3166207679277,13.0
76.34166352987462,15.0
76.36670785026982,20.0
76.39175373035037,18.0
76.41680117135463,18.0
76.44185017452216,16.0
76.46690074109374,10.0
76.49195287231133,16.0
76.51700656941826,19.0
76.54206183365895,11.0
76.56711866627917,21.0
76.59217706852583,17.0
76.61723704164716,20.0
76.6422985868926,26.0
76.66736170551279,14.0
76.69242639875971,19.0
76.7174926678865,11.0
76.74256051414756,17.0
76.7676299387986,17.0
76.79270094309652,16.0
76.81777352829953,17.0
76.84284769566705,14.0
76.86792344645971,10.0
76.89300078193952,18.0
76.91807970336967,9.0
76.9431602120146,15.0
76.96824230914008,16.0
76.99332599601311,16.0
77.01841127390193,16.0
77.0434981440761,18.0
77.06858660780637,15.0
77.0936766663649,13.0
77.11876832102499,13.0
77.14386157306129,21.0
77.16895642374968,14.0
77.19405287436737,15.0
77.21915092619281,19.0
77.24425058050576,13.0
77.26935183858731,19.0
77.29445470171972,16.0
77.31955917118657,12.0
77.34466524827285,14.0
77.36977293426465,22.0
77.39488223044957,17.0
77.41999313811633,19.0
77.44510565855504,20.0
77.47021979305707,18.0
77.49533554291504,15.0
77.52045290942306,16.0
77.54557189387636,18.0
77.5706924975715,18.0
77.59581472180642,17.0
77.62093856788034,17.0
77.6460640370938,18.0
77.6711911307486,11.0
77.69631985014793,17.0
77.7214501965963,17.0
77.74658217139942,14.0
77.77171577586444,12.0
77.79685101129986,13.0
77.82198787901537,13.0
77.84712638032214,19.0
77.87226651653248,15.0
77.89740828896025,15.0
77.92255169892043,24.0
77.94769674772954,16.0
77.9728434367053,17.0
77.9979917671668,17.0
78.02314174043443,21.0
78.04829335783,14.0
78.07344662067669,16.0
78.09860153029886,18.0
78.12375808802238,10.0
78.14891629517443,17.0
78.17407615308348,18.0
78.19923766307937,18.0
78.22440082649341,13.0
78.24956564465813,16.0
78.27473211890747,15.0
78.29990025057673,13.0
78.32507004100256,13.0
78.350241491523,14.0
78.37541460347744,17.0
78.40058937820663,16.0
78.42576581705276,19.0
78.45094392135927,11.0
78.47612369247102,16.0
78.50130513173431,12.0
78.52648824049682,19.0
78.55167302010749,12.0
78.57685947191669,12.0
78.6020475972763,15.0
78.62723739753943,17.0
78.65242887406062,19.0
78.67762202819586,21.0
78.70281686130247,31.0
78.72801337473913,20.0
78.75321156986604,23.0
78.77841144804471,16.0
78.80361301063805,18.0
78.82881625901037,22.0
78.8540211945274,16.0
78.8792278185563,11.0
78.90443613246565,14.0
78.92964613762534,16.0
78.95485783540673,22.0
78.98007122718269,16.0
79.0052863143273,17.0
79.03050309821624,16.0
79.05572158022657,20.0
79.08094176173671,25.0
79.10616364412653,18.0
79.13138722877733,23.0
79.15661251707188,23.0
79.18183951039433,17.0
79.20706821013029,19.0
79.23229861766674,20.0
79.25753073439223,21.0
79.28276456169655,18.0
79.30800010097116,18.0
79.33323735360881,16.0
79.3584763210037,26.0
79.38371700455156,18.0
79.4089594056495,21.0
79.43420352569606,14.0
79.4594493660913,17.0
79.48469692823673,15.0
79.50994621353529,22.0
79.53519722339135,19.0
79.56044995921076,13.0
79.58570442240091,14.0
79.61096061437057,11.0
79.63621853652995,17.0
79.66147819029084,11.0
79.6867395770664,13.0
79.71200269827132,16.0
79.73726755532174,21.0
79.7625341496353,22.0
79.78780248263118,19.0
79.8130725557298,19.0
79.83834437035338,15.0
79.86361792792545,17.0
79.88889322987102,17.0
79.91417027761663,14.0
79.93944907259039,14.0
79.96472961622177,9.0
79.99001190994176,17.0
80.01529595518295,17.0
80.04058175337937,16.0
80.06586930596652,17.0
80.09115861438141,19.0
80.11644968006263,12.0
80.14174250445025,18.0
80.16703708898581,11.0
80.19233343511236,12.0
80.21763154427454,12.0
80.24293141791851,14.0
80.26823305749178,13.0
80.29353646444365,11.0
80.31884164022475,16.0
80.34414858628728,15.0
80.369457304085,20.0
80.39476779507318,16.0
80.42008006070867,9.0
80.4453941024498,11.0
80.47070992175642,11.0
80.49602752009002,16.0
80.52134689891355,17.0
80.54666805969148,14.0
80.57199100388996,10.0
80.59731573297658,15.0
80.62264224842049,18.0
80.64797055169241,13.0
80.67330064426463,12.0
80.698632527611,17.0
80.72396620320691,16.0
80.74930167252934,17.0
80.77463893705684,14.0
80.79997799826943,14.0
80.82531885764884,11.0
80.85066151667833,17.0
80.87600597684272,16.0
80.90135223962834,15.0
80.92670030652322,19.0
80.95205017901694,16.0
80.97740185860053,24.0
81.00275534676683,12.0
81.02811064501016,11.0
81.05346775482637,19.0
81.07882667771301,20.0
81.10418741516912,17.0
81.12954996869547,10.0
81.1549143397943,18.0
81.18028052996954,16.0
81.2056485407267,18.0
81.23101837357292,12.0
81.25639003001685,14.0
81.28176351156887,16.0
81.30713881974097,20.0
81.33251595604666,15.0
81.35789492200115,15.0
81.38327571912124,15.0
81.4086583489254,14.0
81.43404281293367,19.0
81.45942911266773,16.0
81.48481724965093,15.0
81.51020722540822,14.0
81.53559904146618,11.0
81.56099269935305,11.0
81.58638820059869,12.0
81.61178554673468,12.0
81.63718473929409,15.0
81.66258577981176,15.0
81.6879886698242,14.0
81.71339341086949,15.0
81.7388000044874,16.0
81.7642084522194,13.0
81.7896187556085,10.0
81.81503091619952,12.0
81.84044493553887,14.0
81.86586081517463,13.0
81.89127855665653,15.0
81.91669816153605,20.0
81.94211963136627,13.0
81.967542967702,18.0
81.99296817209965,15.0
82.01839524611745,10.0
82.04382419131517,9.0
82.06925500925432,10.0
82.09468770149816,15.0
82.12012226961158,6.0
82.14555871516121,13.0
82.17099703971527,16.0
82.19643724484382,21.0
82.22187933211855,14.0
82.24732330311286,11.0
82.27276915940188,10.0
82.29821690256246,18.0
82.32366653417307,14.0
82.34911805581402,18.0
82.37457146906726,18.0
82.40002677551651,21.0
82.42548397674719,18.0
82.45094307434641,13.0
82.47640406990303,13.0
82.50186696500775,19.0
82.52733176125281,16.0
82.55279846023232,16.0
82.57826706354214,11.0
82.60373757277972,9.0
82.62920998954442,14.0
82.65468431543732,13.0
82.6801605520612,13.0
82.70563870102056,13.0
82.73111876392171,18.0
82.75660074237277,14.0
82.78208463798354,19.0
82.80757045236555,15.0
82.83305818713222,14.0
82.85854784389862,14.0
82.88403942428164,13.0
82.90953292989995,18.0
82.93502836237397,19.0
82.96052572332597,16.0
82.98602501437986,11.0
83.01152623716146,14.0
83.03702939329837,10.0
83.06253448441987,15.0
83.08804151215718,15.0
83.11355047814318,13.0
83.13906138401269,14.0
83.16457423140217,9.0
83.19008902194999,15.0
83.21560575729629,11.0
83.24112443908304,14.0
83.266645068954,15.0
83.29216764855474,13.0
83.3176921795327,17.0
83.34321866353703,15.0
83.3687471022188,11.0
83.39427749723087,6.0
83.41980985022799,10.0
83.44534416286658,15.0
83.47088043680503,11.0
83.49641867370356,7.0
83.52195887522417,12.0
83.5475010430307,14.0
83.57304517878895,17.0
83.5985912841664,19.0
83.62413936083249,15.0
