# Processed xy data with Haverford two-theta converted to LBL scale
two_theta,intensity
5.812336334448366,8.0
5.835590900706661,8.0
5.8588455295808854,9.0
5.882100221322295,10.0
5.905354976182176,9.0
5.928609794411824,5.0
5.951864676262572,7.0
5.97511962198576,8.0
5.99837463183276,8.0
6.02162970605496,10.0
6.044884844903773,7.0
6.0681400486306325,6.0
6.091395317486996,12.0
6.114650651724341,12.0
6.13790605159417,9.0
6.161161517348003,9.0
6.18441704923739,12.0
6.207672647513895,11.0
6.230928312429112,11.0
6.254184044234656,10.0
6.27743984318216,5.0
6.300695709523287,7.0
6.3239516435097185,10.0
6.347207645393159,9.0
6.370463715425341,12.0
6.3937198538580144,6.0
6.416976060942956,5.0
6.440232336931965,7.0
6.4634886820768624,9.0
6.486745096629497,7.0
6.510001580841738,9.0
6.53325813496548,7.0
6.5565147592526385,8.0
6.579771453955157,11.0
6.603028219325004,10.0
6.626285055614165,9.0
6.649541963074657,9.0
6.6727989419585185,10.0
6.696055992517813,9.0
6.719313115004629,8.0
6.742570309671076,6.0
6.7658275767692935,5.0
6.789084916551441,7.0
6.812342329269707,7.0
6.835599815176301,10.0
6.858857374523463,10.0
6.882115007563452,3.0
6.905372714548557,6.0
6.9286304957310865,11.0
6.951888351363382,12.0
6.975146281697805,7.0
6.998404286986744,12.0
7.021662367482616,11.0
7.044920523437857,8.0
7.068178755104935,7.0
7.091437062736341,6.0
7.1146954465845935,7.0
7.137953906902237,9.0
7.161212443941841,9.0
7.184471057955999,10.0
7.207729749197341,16.0
7.230988517918511,12.0
7.254247364372185,7.0
7.277506288811065,7.0
7.30076529148788,8.0
7.324024372655387,8.0
7.347283532566368,9.0
7.370542771473634,9.0
7.393802089630019,7.0
7.417061487288388,7.0
7.440320964701634,10.0
7.4635805221226725,11.0
7.486840159804451,10.0
7.510099877999942,10.0
7.533359676962151,11.0
7.5566195569440975,8.0
7.579879518198843,10.0
7.603139560979473,7.0
7.626399685539099,14.0
7.649659892130859,19.0
7.672920181007921,14.0
7.696180552423485,17.0
7.719441006630773,17.0
7.742701543883038,14.0
7.765962164433562,17.0
7.789222868535657,21.0
7.81248365644266,13.0
7.835744528407938,7.0
7.859005484684887,10.0
7.882266525526933,13.0
7.905527651187532,9.0
7.928788861920164,11.0
7.952050157978344,12.0
7.975311539615614,14.0
7.998573007085543,13.0
8.02183456064173,10.0
8.045096200537811,16.0
8.06835792702744,19.0
8.09161974036431,25.0
8.114881640802139,29.0
8.138143628594674,34.0
8.161405703995696,44.0
8.184667867259016,55.0
8.207930118638469,74.0
8.231192458387925,80.0
8.254454886761287,97.0
8.277717404012483,120.0
8.300980010395474,149.0
8.32424270616425,185.0
8.347505491572837,218.0
8.370768366875284,304.0
8.394031332325673,401.0
8.417294388178124,561.0
8.440557534686778,956.0
8.463820772105814,1870.0
8.487084100689438,3661.0
8.510347520691889,6304.0
8.53361103236744,8887.0
8.556874635970393,10279.0
8.58013833175508,10315.0
8.603402119975868,8926.0
8.62666600088715,6832.0
8.649929974743358,4126.0
8.673194041798952,1798.0
8.696458202308426,562.0
8.719722456526304,212.0
8.742986804707142,145.0
8.766251247105531,111.0
8.789515783976091,101.0
8.812780415573481,85.0
8.836045142152381,78.0
8.859309963967515,59.0
8.882574881273634,39.0
8.90583989432552,34.0
8.929105003377993,24.0
8.952370208685906,20.0
8.975635510504143,18.0
8.998900909087617,11.0
9.022166404691278,8.0
9.045431997570116,8.0
9.068697687979142,10.0
9.091963476173413,10.0
9.115229362408005,6.0
9.138495346938043,6.0
9.161761430018675,6.0
9.185027611905088,6.0
9.2082938928525,7.0
9.23156027311617,7.0
9.254826752951379,7.0
9.278093332613453,8.0
9.301360012357751,7.0
9.324626792439659,6.0
9.347893673114605,4.0
9.371160654638048,6.0
9.394427737265485,7.0
9.417694921252442,5.0
9.440962206854483,3.0
9.464229594327216,1.0
9.487497083926264,4.0
9.510764675907303,5.0
9.534032370526038,7.0
9.557300168038212,8.0
9.580568068699591,7.0
9.603836072765995,5.0
9.627104180493268,1.0
9.65037239213729,3.0
9.673640707953984,5.0
9.696909128199298,5.0
9.720177653129229,9.0
9.7434462829998,7.0
9.766715018067071,8.0
9.789983858587142,7.0
9.813252804816148,9.0
9.836521857010267,9.0
9.859791015425694,9.0
9.88306028031868,8.0
9.906329651945507,7.0
9.929599130562494,6.0
9.952868716425995,8.0
9.976138409792394,5.0
9.99940821091813,4.0
10.022678120059663,7.0
10.045948137473498,8.0
10.069218263416177,4.0
10.092488498144272,8.0
10.115758841914406,6.0
10.13902929498323,5.0
10.162299857607428,6.0
10.185570530043737,5.0
10.208841312548918,4.0
10.232112205379778,2.0
10.255383208793155,2.0
10.278654323045938,4.0
10.301925548395035,5.0
10.32519688509741,8.0
10.34846833341006,4.0
10.371739893590012,8.0
10.395011565894338,7.0
10.418283350580161,9.0
10.441555247904622,6.0
10.464827258124908,5.0
10.48809938149825,6.0
10.511371618281917,4.0
10.534643968733214,5.0
10.557916433109481,7.0
10.581189011668108,6.0
10.604461704666518,5.0
10.627734512362176,7.0
10.65100743501258,9.0
10.674280472875276,10.0
10.697553626207851,6.0
10.720826895267923,5.0
10.744100280313154,6.0
10.767373781601245,7.0
10.790647399389943,8.0
10.813921133937027,7.0
10.837194985500323,5.0
10.860468954337696,3.0
10.883743040707044,3.0
10.90701724486632,2.0
10.930291567073505,7.0
10.953566007586625,6.0
10.976840566663748,6.0
11.000115244562984,8.0
11.023390041542479,6.0
11.046664957860425,8.0
11.069939993775053,3.0
11.09321514954464,2.0
11.116490425427497,3.0
11.139765821681978,2.0
11.163041338566483,3.0
11.186316976339457,5.0
11.209592735259374,5.0
11.232868615584756,5.0
11.256144617574174,7.0
11.279420741486225,7.0
11.302696987579575,5.0
11.325973356112902,3.0
11.349249847344945,5.0
11.37252646153448,10.0
11.395803198940328,9.0
11.419080059821349,6.0
11.442357044436445,6.0
11.465634153044565,4.0
11.488911385904702,3.0
11.512188743275887,8.0
11.535466225417197,9.0
11.558743832587748,5.0
11.582021565046707,6.0
11.605299423053278,5.0
11.628577406866714,4.0
11.651855516746306,3.0
11.675133752951389,8.0
11.698412115741345,8.0
11.7216906053756,9.0
11.744969222113623,6.0
11.768247966214924,6.0
11.791526837939063,8.0
11.81480583754564,6.0
11.838084965294295,7.0
11.861364221444722,6.0
11.88464360625666,7.0
11.90792311998988,6.0
11.931202762904206,3.0
11.95448253525951,5.0
11.977762437315706,5.0
12.00104246933275,3.0
12.024322631570639,4.0
12.047602924289434,6.0
12.070883347749223,4.0
12.09416390221014,4.0
12.117444587932372,6.0
12.14072540517615,6.0
12.164006354201756,3.0
12.1872874352695,2.0
12.210568648639759,3.0
12.233849994572935,4.0
12.2571314733295,6.0
12.280413085169949,5.0
12.303694830354837,5.0
12.326976709144764,4.0
12.35025872180037,4.0
12.373540868582348,6.0
12.396823149751432,8.0
12.420105565568411,6.0
12.443388116294111,4.0
12.46667080218941,5.0
12.489953623515236,6.0
12.513236580532558,5.0
12.53651967350239,5.0
12.559802902685805,7.0
12.583086268343914,7.0
12.606369770737873,6.0
12.629653410128896,8.0
12.652937186778235,4.0
12.676221100947195,4.0
12.699505152897125,3.0
12.722789342889424,5.0
12.746073671185545,8.0
12.769358138046975,10.0
12.79264274373526,4.0
12.815927488511997,6.0
12.83921237263882,5.0
12.86249739637742,4.0
12.885782559989533,6.0
12.90906786373694,8.0
12.932353307881483,3.0
12.955638892685041,2.0
12.978924618409549,5.0
13.002210485316985,9.0
13.02549649366938,4.0
13.048782643728815,6.0
13.07206893575742,5.0
13.095355370017367,3.0
13.118641946770891,2.0
13.14192866628027,5.0
13.165215528807824,4.0
13.188502534615935,4.0
13.211789683967028,6.0
13.235076977123583,7.0
13.258364414348119,8.0
13.281651995903221,2.0
13.304939722051515,6.0
13.32822759305568,11.0
13.351515609178437,7.0
13.374803770682572,5.0
13.398092077830908,5.0
13.42138053088633,3.0
13.444669130111777,5.0
13.467957875770214,3.0
13.491246768124684,4.0
13.514535807438268,5.0
13.537824993974109,7.0
13.561114327995382,7.0
13.584403809765332,5.0
13.60769343954725,6.0
13.630983217604475,7.0
13.654273144200399,3.0
13.677563219598468,1.0
13.70085344406218,3.0
13.724143817855081,5.0
13.747434341240776,6.0
13.770725014482913,11.0
13.794015837845201,7.0
13.8173068115914,5.0
13.840597935985315,5.0
13.863889211290813,3.0
13.887180637771806,3.0
13.910472215692266,4.0
13.933763945316214,7.0
13.957055826907721,10.0
13.980347860730916,7.0
14.00364004704998,5.0
14.026932386129145,4.0
14.050224878232704,7.0
14.073517523624988,6.0
14.096810322570402,6.0
14.120103275333387,6.0
14.143396382178445,3.0
14.16668964337013,6.0
14.189983059173056,4.0
14.21327662985189,5.0
14.236570355671335,6.0
14.259864236896174,5.0
14.283158273791232,9.0
14.30645246662139,8.0
14.329746815651578,5.0
14.353041321146794,4.0
14.37633598337207,4.0
14.39963080259252,5.0
14.422925779073289,3.0
14.446220913079586,4.0
14.46951620487668,4.0
14.492811654729895,4.0
14.516107262904596,3.0
14.539403029666214,0.0
14.562698955280242,1.0
14.58599504001221,9.0
14.609291284127732,5.0
14.632587687892448,6.0
14.655884251572072,7.0
14.679180975432365,6.0
14.702477859739153,4.0
14.725774904758307,5.0
14.749072110755767,8.0
14.772369477997517,7.0
14.795667006749616,4.0
14.818964697278153,3.0
14.84226254984929,4.0
14.86556056472925,4.0
14.8888587421843,7.0
14.912157082480775,6.0
14.935455585885057,3.0
14.958754252663597,4.0
14.982053083082898,3.0
15.00535207740951,4.0
15.028651235910058,2.0
15.051950558851214,5.0
15.075250046499713,5.0
15.098549699122337,7.0
15.121849516985941,4.0
15.14514950035743,3.0
15.168449649503765,5.0
15.19174996469197,5.0
15.215050446189128,3.0
15.238351094262374,3.0
15.261651909178907,2.0
15.284952891205979,4.0
15.308254040610906,7.0
15.331555357661067,5.0
15.354856842623887,4.0
15.37815849576686,6.0
15.40146031735754,7.0
15.424762307663531,4.0
15.448064466952497,4.0
15.471366795492177,6.0
15.494669293550357,9.0
15.517971961394876,10.0
15.541274799293646,8.0
15.56457780751464,7.0
15.58788098632587,6.0
15.611184335995434,6.0
15.634487856791477,5.0
15.657791548982198,8.0
15.681095412835871,6.0
15.704399448620821,9.0
15.727703656605435,6.0
15.751008037058167,4.0
15.774312590247524,8.0
15.797617316442068,3.0
15.82092221591044,7.0
15.844227288921324,5.0
15.86753253574348,6.0
15.890837956645717,7.0
15.914143551896908,9.0
15.937449321766,4.0
15.960755266521977,4.0
15.984061386433915,6.0
16.007367681770916,10.0
16.030674152802188,12.0
16.053980799796953,10.0
16.077287623024528,7.0
16.10059462275428,8.0
16.12390179925565,10.0
16.14720915279812,6.0
16.170516683651254,4.0
16.193824392084665,7.0
16.21713227836803,6.0
16.24044034277111,7.0
16.26374858556369,8.0
16.287057007015655,8.0
16.310365607396935,9.0
16.333674386977524,8.0
16.356983346027484,7.0
16.380292484816938,5.0
16.40360180361606,4.0
16.42691130269511,7.0
16.4502209823244,7.0
16.47353084277431,7.0
16.496840884315276,8.0
16.520151107217796,11.0
16.543461511752447,8.0
16.566772098189862,10.0
16.59008286680074,9.0
16.61339381785583,10.0
16.63670495162597,12.0
16.660016268382044,21.0
16.683327768395007,25.0
16.70663945193588,24.0
16.72995131927576,27.0
16.753263370685772,39.0
16.77657560643714,43.0
16.79988802680115,55.0
16.82320063204914,60.0
16.84651342245253,80.0
16.86982639828279,69.0
16.893139559811452,84.0
16.916452907310134,79.0
16.93976644105051,138.0
16.963080161304312,145.0
16.98639406834335,186.0
17.009708162439487,238.0
17.033022443864674,342.0
17.05633691289089,562.0
17.079651569790236,922.0
17.102966414834825,1627.0
17.126281448296872,2321.0
17.149596670448634,2873.0
17.172912081562462,3192.0
17.196227681910745,3022.0
17.219543471765967,2681.0
17.242859451400655,1988.0
17.26617562108742,1280.0
17.28949198109893,639.0
17.312808531707923,295.0
17.336125273187214,142.0
17.35944220580967,71.0
17.38275932984823,48.0
17.40607664557592,50.0
17.4293941532658,51.0
17.452711853191023,44.0
17.47602974562481,43.0
17.49934783084044,44.0
17.52266610911126,45.0
17.54598458071069,30.0
17.56930324591222,27.0
17.59262210498941,26.0
17.61594115821588,18.0
17.639260405865333,21.0
17.662579848211518,10.0
17.68589948552828,13.0
17.70921931808952,9.0
17.732539346169208,9.0
17.755859570041373,12.0
17.779179989980143,8.0
17.8025006062597,9.0
17.825821419154273,8.0
17.849142428938194,10.0
17.872463635885847,11.0
17.895785040271708,11.0
17.919106642370284,12.0
17.94242844245619,11.0
17.96575044080409,9.0
17.98907263768873,7.0
18.012395033384912,7.0
18.03571762816752,9.0
18.05904042231152,8.0
18.08236341609193,7.0
18.105686609783834,9.0
18.129010003662405,5.0
18.152333598002883,6.0
18.175657393080574,8.0
18.19898138917086,8.0
18.22230558654919,5.0
18.24562998549109,11.0
18.268954586272148,6.0
18.29227938916804,5.0
18.3156043944545,6.0
18.33892960240734,7.0
18.362255013302438,12.0
18.38558062741576,8.0
18.40890644502333,5.0
18.432232466401246,7.0
18.455558691825676,8.0
18.478885121572876,6.0
18.502211755919152,7.0
18.525538595140908,7.0
18.548865639514602,11.0
18.572192889316778,8.0
18.59552034482404,8.0
18.61884800631307,7.0
18.642175874060634,5.0
18.66550394834356,5.0
18.68883222943875,7.0
18.712160717623178,5.0
18.735489413173912,4.0
18.758818316368075,3.0
18.782147427482855,9.0
18.80547674679554,12.0
18.82880627458347,2.0
18.852136011124085,4.0
18.875465956694857,9.0
18.89879611157339,5.0
18.92212647603731,6.0
18.945457050364347,9.0
18.9687878348323,5.0
18.992118829719036,3.0
19.015450035302507,6.0
19.03878145186074,7.0
19.062113079671832,7.0
19.08544491901395,6.0
19.108776970165355,6.0
19.132109233404364,7.0
19.15544170900938,5.0
19.178774397258888,8.0
19.202107298431436,6.0
19.22544041280565,6.0
19.24877374066024,3.0
19.272107282273996,3.0
19.295441037925762,3.0
19.318775007894487,4.0
19.34210919245918,6.0
19.365443591898924,4.0
19.388778206492894,5.0
19.412113036520317,5.0
19.435448082260532,3.0
19.458783343992938,5.0
19.482118821996995,4.0
19.505454516552266,6.0
19.52879042793838,10.0
19.55212655643504,9.0
19.575462902322034,7.0
19.598799465879225,5.0
19.62213624738656,6.0
19.645473247124063,6.0
19.66881046537181,5.0
19.692147902410003,9.0
19.715485558518886,6.0
19.73882343397879,9.0
19.762161529070127,9.0
19.7854998440734,5.0
19.80883837926917,7.0
19.832177134938085,10.0
19.855516111360874,6.0
19.878855308818352,5.0
19.902194727591404,3.0
19.925534367960985,7.0
19.948874230208155,6.0
19.972214314614035,7.0
19.995554621459824,6.0
20.01889515102682,5.0
20.042235903596385,7.0
20.065576879449956,9.0
20.088918078869074,8.0
20.112259502135327,11.0
20.135601149530416,6.0
20.15894302133611,8.0
20.18228511783425,6.0
20.20562743930676,11.0
20.22896998603567,5.0
20.252312758303052,7.0
20.27565575639109,3.0
20.29899898058203,2.0
20.32234243115821,4.0
20.345686108402045,9.0
20.369030012596035,9.0
20.39237414402276,6.0
20.415718502964886,11.0
20.439063089705147,11.0
20.462407904526376,8.0
20.48575294771149,3.0
20.509098219543453,7.0
20.532443720305356,6.0
20.555789450280354,3.0
20.57913540975168,6.0
20.602481599002655,7.0
20.625828018316682,6.0
20.64917466797726,4.0
20.67252154826794,8.0
20.695868659472385,5.0
20.71921600187433,4.0
20.742563575757593,5.0
20.76591138140607,3.0
20.789259419103754,2.0
20.812607689134722,4.0
20.835956191783122,6.0
20.859304927333195,6.0
20.88265389606926,7.0
20.90600309827572,6.0
20.929352534237076,4.0
20.952702204237895,5.0
20.97605210856284,4.0
20.999402247496654,4.0
21.022752621324166,4.0
21.0461032303303,8.0
21.069454074800053,8.0
21.092805155018485,5.0
21.116156471270802,5.0
21.139508023842236,3.0
21.162859813018137,12.0
21.18621183908392,7.0
21.209564102325114,7.0
21.232916603027302,7.0
21.256269341476187,2.0
21.27962231795751,5.0
21.30297553275715,7.0
21.32632898616104,5.0
21.34968267845521,8.0
21.37303660992578,8.0
21.396390780858948,9.0
21.419745191541,3.0
21.443099842258313,5.0
21.466454733297347,7.0
21.48980986494466,6.0
21.513165237486888,10.0
21.53652085121074,7.0
21.559876706403045,7.0
21.583232803350697,6.0
21.606589142340678,6.0
21.629945723660065,2.0
21.653302547596024,4.0
21.6766596144358,7.0
21.700016924466734,5.0
21.723374477976257,9.0
21.74673227525188,8.0
21.77009031658121,2.0
21.79344860225193,6.0
21.816807132551837,9.0
21.840165907768792,7.0
21.86352492819076,6.0
21.88688419410577,4.0
21.910243705801978,1.0
21.933603463567614,2.0
21.956963467690976,7.0
21.98032371846049,10.0
22.00368421616463,6.0
22.027044961092002,7.0
22.050405953531264,11.0
22.073767193771193,7.0
22.097128682100635,8.0
22.12049041880854,4.0
22.143852404183946,5.0
22.16721463851598,4.0
22.19057712209385,9.0
22.21393985520687,6.0
22.237302838144448,9.0
22.260666071196052,7.0
22.284029554651283,4.0
22.3073932887998,4.0
22.330757273931365,5.0
22.354121510335847,5.0
22.377485998303182,4.0
22.400850738123403,3.0
22.424215730086654,3.0
22.44758097448314,5.0
22.47094647160319,6.0
22.494312221737196,8.0
22.51767822517567,5.0
22.54104448220919,5.0
22.56441099312844,7.0
22.587777758224203,13.0
22.61114477778735,9.0
22.634512052108835,4.0
22.65787958147971,5.0
22.681247366191126,8.0
22.704615406534327,8.0
22.727983702800636,8.0
22.751352255281496,3.0
22.774721064268416,6.0
22.798090130053023,5.0
22.821459452927012,2.0
22.844829033182197,5.0
22.868198871110458,6.0
22.891568967003803,9.0
22.91493932115431,9.0
22.938309933854164,12.0
22.96168080539563,6.0
22.985051936071088,5.0
23.008423326172995,7.0
23.031794975993904,5.0
23.055166885826477,5.0
23.07853905596346,5.0
23.101911486697702,7.0
23.125284178322136,7.0
23.148657131129802,9.0
23.17203034541383,13.0
23.195403821467444,10.0
23.21877755958397,7.0
23.24215156005682,5.0
23.265525823179512,10.0
23.28890034924566,10.0
23.31227513854897,13.0
23.33565019138324,14.0
23.359025508042382,12.0
23.38240108882038,9.0
23.40577693401135,11.0
23.42915304390946,8.0
23.452529418808997,6.0
23.47590605900436,6.0
23.499282964790027,2.0
23.522660136460587,4.0
23.5460375743107,8.0
23.56941527863515,10.0
23.59279324972882,9.0
23.61617148788667,4.0
23.639549993403776,4.0
23.6629287665753,2.0
23.686307807696515,4.0
23.709687117062778,8.0
23.73306669496955,7.0
23.756446541712414,10.0
23.77982665758701,4.0
23.803207042889106,10.0
23.82658769791456,5.0
23.849968622959327,6.0
23.873349818319465,15.0
23.896731284291135,7.0
23.9201130211706,7.0
23.9434950292542,9.0
23.966877308838402,5.0
23.990259860219766,6.0
24.013642683694936,4.0
24.03702577956068,8.0
24.06040914811384,12.0
24.08379278965139,6.0
24.107176704470376,12.0
24.13056089286797,11.0
24.153945355141417,11.0
24.17733009158809,10.0
24.200715102505445,6.0
24.22410038819104,10.0
24.24748594894254,7.0
24.27087178505772,14.0
24.29425789683444,15.0
24.31764428457067,13.0
24.341030948564477,11.0
24.364417889114048,7.0
24.38780510651765,12.0
24.41119260107365,17.0
24.43458037308054,11.0
24.457968422836895,15.0
24.481356750641403,9.0
24.504745356792853,13.0
24.528134241590134,11.0
24.55152340533224,12.0
24.57491284831827,19.0
24.598302570847416,18.0
24.621692573218983,15.0
24.64508285573238,27.0
24.66847341868711,51.0
24.691864262382804,40.0
24.715255387119164,39.0
24.73864679319602,44.0
24.76203848091329,41.0
24.78543045057102,29.0
24.808822702469328,29.0
24.832215236908453,24.0
24.855608054188753,17.0
24.879001154610666,20.0
24.90239453847475,12.0
24.925788206081652,22.0
24.94918215773216,18.0
24.97257639372712,17.0
24.995970914367515,14.0
25.019365719954422,16.0
25.04276081078903,16.0
25.066156187172634,19.0
25.08955184940662,20.0
25.11294779779251,22.0
25.1363440326319,28.0
25.159740554226502,25.0
25.183137362878153,20.0
25.206534458888775,27.0
25.229931842560394,26.0
25.253329514195162,32.0
25.276727474095328,40.0
25.300125722563255,49.0
25.323524259901397,59.0
25.346923086412335,57.0
25.370322202398732,66.0
25.39372160816339,75.0
25.417121304009196,78.0
25.44052129023915,83.0
25.463921567156373,92.0
25.487322135064076,90.0
25.51072299426558,103.0
25.534124145064325,96.0
25.557525587763863,97.0
25.58092732266783,129.0
25.60432935008,164.0
25.62773167030423,184.0
25.651134283644517,230.0
25.674537190404934,274.0
25.697940390889684,371.0
25.721343885403073,492.0
25.74474767424953,691.0
25.768151757733552,993.0
25.791556136159798,1613.0
25.814960809833018,2257.0
25.838365779058044,3034.0
25.861771044139868,3634.0
25.885176605383553,3946.0
25.90858246309429,4115.0
25.931988617577385,3636.0
25.95539506913823,2995.0
25.978801818082353,2106.0
26.00220886471539,1435.0
26.025616209343077,877.0
26.04902385227127,474.0
26.07243179380593,247.0
26.095840034253136,127.0
26.11924857391908,102.0
26.142657413110054,98.0
26.16606655213248,89.0
26.18947599129287,99.0
26.212885730897863,67.0
26.236295771254216,64.0
26.259706112668795,72.0
26.28311675544855,75.0
26.306527699900577,58.0
26.3299389463321,37.0
26.353350495050403,39.0
26.376762346362913,36.0
26.400174500577183,32.0
26.423586958000858,24.0
26.446999718941704,31.0
26.4704127837076,19.0
26.493826152606555,28.0
26.517239825946653,22.0
26.540653804036133,14.0
26.564068087183323,32.0
26.587482675696677,18.0
26.610897569884756,18.0
26.63431277005624,29.0
26.657728276519933,26.0
26.681144089584734,17.0
26.704560209559673,14.0
26.727976636753894,16.0
26.751393371476638,12.0
26.77481041403729,8.0
26.79822776474533,14.0
26.821645423910354,19.0
26.845063391842093,21.0
26.868481668850382,11.0
26.89190025524515,14.0
26.915319151336487,11.0
26.938738357434566,11.0
26.96215787384969,27.0
26.985577700892275,16.0
27.00899783887284,19.0
27.03241828810206,26.0
27.055839048890682,21.0
27.0792601215496,15.0
27.102681506389825,25.0
27.126103203722458,35.0
27.149525213858734,37.0
27.17294753711003,36.0
27.196370173787805,49.0
27.21979312420365,41.0
27.243216388669282,38.0
27.26663996749652,37.0
27.29006386099732,30.0
27.31348806948374,27.0
27.336912593267964,25.0
27.360337432662288,16.0
27.383762587979152,20.0
27.40718805953108,14.0
27.430613847630735,14.0
27.454039952590907,10.0
27.477466374724496,9.0
27.500893114344507,15.0
27.52432017176408,10.0
27.547747547296495,10.0
27.57117524125511,14.0
27.59460325395343,14.0
27.618031585705076,19.0
27.6414602368238,9.0
27.664889207623443,13.0
27.688318498418006,6.0
27.711748109521587,13.0
27.7351780412484,14.0
27.758608293912797,12.0
27.782038867829254,8.0
27.805469763312352,8.0
27.828900980676803,12.0
27.85233252023744,15.0
27.875764382309228,19.0
27.89919656720722,15.0
27.922629075246633,15.0
27.94606190674279,15.0
27.969495062011124,14.0
27.992928541367217,9.0
28.01636234512674,12.0
28.039796473605517,11.0
28.063230927119488,14.0
28.086665705984707,13.0
28.110100810517352,14.0
28.13353624103373,9.0
28.156971997850288,15.0
28.18040808128356,10.0
28.203844491650226,9.0
28.2272812292671,15.0
28.250718294451097,13.0
28.27415568751928,9.0
28.297593408788806,10.0
28.321031458576996,6.0
28.344469837201263,6.0
28.367908544979148,10.0
28.39134758222834,9.0
28.414786949266652,12.0
28.438226646411984,11.0
28.461666673982403,7.0
28.485107032296078,8.0
28.508547721671313,13.0
28.531988742426545,16.0
28.555430094880315,11.0
28.578871779351328,15.0
28.60231379615837,6.0
28.625756145620386,13.0
28.649198828056434,13.0
28.67264184378571,15.0
28.696085193127516,13.0
28.7195288764013,9.0
28.742972893926645,10.0
28.766417246023234,10.0
28.789861933010897,10.0
28.813306955209583,10.0
28.836752312939375,13.0
28.860198006520484,14.0
28.88364403627325,7.0
28.907090402518136,10.0
28.930537105575727,7.0
28.95398414576675,10.0
28.977431523412065,10.0
29.000879238832646,10.0
29.0243272923496,10.0
29.047775684284176,15.0
29.07122441495773,9.0
29.094673484691768,9.0
29.11812289380791,7.0
29.14157264262792,13.0
29.165022731473677,10.0
29.18847316066721,14.0
29.211923930530652,8.0
29.235375041386288,11.0
29.258826493556544,14.0
29.282278287363933,19.0
29.305730423131138,9.0
29.329182901180946,12.0
29.35263572183631,11.0
29.37608888542028,9.0
29.399542392256066,12.0
29.422996242666965,8.0
29.44645043697648,14.0
29.46990497550815,15.0
29.49335985858574,13.0
29.516815086533075,13.0
29.540270659674167,12.0
29.563726578333114,13.0
29.58718284283418,8.0
29.610639453501754,13.0
29.63409641066035,13.0
29.657553714634606,13.0
29.681011365749317,8.0
29.704469364329405,12.0
29.72792771069992,12.0
29.75138640518604,11.0
29.77484544811308,8.0
29.798304839806516,13.0
29.82176458059192,11.0
29.845224670795,12.0
29.868685110741644,12.0
29.892145900757814,9.0
29.915607041169643,9.0
29.939068532303402,16.0
29.962530374485475,10.0
29.985992568042395,11.0
30.009455113300827,12.0
30.032918010587572,8.0
30.05638126022958,8.0
30.079844862553912,8.0
30.103308817887765,10.0
30.126773126558508,9.0
30.150237788893612,12.0
30.173702805220685,15.0
30.197168175867507,19.0
30.220633901161953,11.0
30.24409998143204,10.0
30.26756641700596,13.0
30.291033208211985,11.0
30.31450035537858,11.0
30.33796785883431,12.0
30.361435718907906,11.0
30.38490393592819,13.0
30.408372510224183,13.0
30.43184144212501,11.0
30.455310731959916,18.0
30.478780380058332,16.0
30.50225038674979,13.0
30.52572075236397,12.0
30.549191477230707,12.0
30.57266256167996,8.0
30.59613400604181,8.0
30.61960581064652,12.0
30.64307797582446,11.0
30.666550501906155,13.0
30.690023389222258,15.0
30.713496638103564,12.0
30.736970248881025,11.0
30.760444221885713,13.0
30.783918557448843,13.0
30.807393255901797,14.0
30.830868317576044,16.0
30.85434374280325,14.0
30.877819531915193,21.0
30.901295685243788,18.0
30.92477220312112,15.0
30.948249085879382,13.0
30.971726333850928,16.0
30.995203947368257,19.0
31.018681926763993,22.0
31.042160272370918,15.0
31.065638984521936,14.0
31.089118063550128,18.0
31.11259750978868,17.0
31.136077323570948,15.0
31.159557505230424,16.0
31.183038055100738,11.0
31.20651897351567,23.0
31.230000260809113,25.0
31.253481917315167,19.0
31.27696394336802,24.0
31.300446339302017,21.0
31.323929105451665,32.0
31.347412242151602,28.0
31.370895749736608,30.0
31.39437962854161,27.0
31.417863878901688,26.0
31.441348501152046,28.0
31.464833495628056,26.0
31.48831886266523,19.0
31.51180460259922,18.0
31.53529071576583,22.0
31.55877720250098,24.0
31.582264063140787,24.0
31.60575129802149,17.0
31.629238907479447,26.0
31.652726891851213,23.0
31.676215251473447,19.0
31.699703986682987,17.0
31.723193097816793,13.0
31.74668258521197,18.0
31.770172449205813,16.0
31.793662690135715,13.0
31.817153308339226,18.0
31.840644304154065,17.0
31.864135677918085,25.0
31.887627429969285,22.0
31.91111956064581,20.0
31.934612070285972,18.0
31.958104959228212,22.0
31.98159822781114,19.0
32.00509187637347,19.0
32.02858590525411,23.0
32.05208031479212,29.0
32.07557510532668,30.0
32.09907027719711,24.0
32.12256583074294,28.0
32.146061766303795,24.0
32.16955808421945,22.0
32.193054784829876,24.0
32.21655186847514,25.0
32.24004933549549,28.0
32.263547186231335,24.0
32.287045421023194,20.0
32.31054404021178,23.0
32.33404304413793,19.0
32.35754243314264,27.0
32.381042207567084,25.0
32.40454236775252,21.0
32.428042914040425,24.0
32.451543846772395,22.0
32.475045166290194,25.0
32.49854687293572,21.0
32.52204896705104,24.0
32.545551448978365,25.0
32.56905431906008,21.0
32.59255757763868,25.0
32.61606122505683,20.0
32.63956526165739,20.0
32.66306968778332,17.0
32.686574503777734,22.0
32.71007970998396,23.0
32.733585306745404,24.0
32.757091294405676,19.0
32.78059767330853,22.0
32.80410444379785,21.0
32.827611606217715,30.0
32.85111916091232,25.0
32.87462710822605,21.0
32.89813544850341,27.0
32.9216441820891,26.0
32.94515330932794,23.0
32.96866283056493,13.0
32.99217274614521,22.0
33.015683056414076,22.0
33.039193761716994,27.0
33.06270486239956,26.0
33.08621635880758,21.0
33.10972825128695,30.0
33.13324054018376,33.0
33.156753225844284,31.0
33.18026630861486,33.0
33.2037797888421,26.0
33.22729366687269,29.0
33.2508079430535,37.0
33.27432261773158,29.0
33.29783769125408,31.0
33.32135316396838,25.0
33.34486903622198,34.0
33.368385308362534,33.0
33.391901980737856,26.0
33.41541905369593,24.0
33.4389365275849,31.0
33.46245440275307,32.0
33.4859726795489,40.0
33.509491358321,33.0
33.533010439418135,34.0
33.55652992318927,29.0
33.580049809983464,32.0
33.60357010015002,38.0
33.627090794038324,38.0
33.65061189199797,39.0
33.67413339437869,48.0
33.697655301530396,40.0
33.721177613803135,41.0
33.74470033154716,39.0
33.76822345511282,35.0
33.791746984850676,37.0
33.81527092111144,43.0
33.83879526424599,62.0
33.86232001460534,53.0
33.88584517254069,52.0
33.90937073840341,51.0
33.93289671254501,48.0
33.95642309531719,55.0
33.97994988707178,49.0
34.00347708816079,55.0
34.02700469893641,57.0
34.05053271975096,57.0
34.07406115095697,50.0
34.09758999290706,59.0
34.1211192459541,63.0
34.14464891045104,61.0
34.1681789867511,76.0
34.19170947520755,65.0
34.21524037617391,75.0
34.23877169000381,85.0
34.262303417051086,102.0
34.28583555766972,98.0
34.309368112213846,118.0
34.332901081037804,133.0
34.35643446449606,156.0
34.37996826294325,153.0
34.40350247673421,190.0
34.42703710622393,223.0
34.45057215176752,228.0
34.47410761372032,272.0
34.4976434924378,325.0
34.52117978827562,424.0
34.54471650158959,521.0
34.56825363273568,666.0
34.59179118207007,926.0
34.61532914994906,1347.0
34.63886753672914,1884.0
34.662406342766964,2869.0
34.685945568419356,4128.0
34.709485214043326,5317.0
34.73302527999601,6063.0
34.75656576663475,6463.0
34.78010667431705,6341.0
34.80364800340058,5921.0
34.82718975424317,4896.0
34.85073192720283,3707.0
34.87427452263775,2707.0
34.89781754090627,1920.0
34.92136098236691,1151.0
34.944904847378375,718.0
34.968449136299505,402.0
34.99199384948934,287.0
35.01553898730708,232.0
35.0390845501121,199.0
35.06263053826395,178.0
35.086176952122344,163.0
35.10972379204716,151.0
35.13327105839849,139.0
35.15681875153653,134.0
35.18036687182171,109.0
35.2039154196146,95.0
35.22746439527595,96.0
35.251013799166685,96.0
35.274563631647894,89.0
35.29811389308087,74.0
35.32166458382703,58.0
35.345215704248005,59.0
35.36876725470559,59.0
35.39231923556174,54.0
35.41587164717859,58.0
35.43942448991848,66.0
35.462977764143865,54.0
35.486531470217436,61.0
35.51008560850202,49.0
35.53364017936063,59.0
35.55719518315645,59.0
35.580750620252836,47.0
35.60430649101336,42.0
35.62786279580171,43.0
35.65141953498181,49.0
35.67497670891769,44.0
35.698534317973625,36.0
35.722092362514005,35.0
35.74565084290346,47.0
35.76920975950675,48.0
35.79276911268883,37.0
35.816328902814824,43.0
35.83988913025006,43.0
35.863449795360005,43.0
35.88701089851032,38.0
35.91057244006687,36.0
35.934134420395665,37.0
35.95769683986289,34.0
35.98125969883494,36.0
36.00482299767837,33.0
36.0283867367599,36.0
36.05195091644646,30.0
36.07551553710513,32.0
36.09908059910324,24.0
36.122646102808176,26.0
36.146212048587586,35.0
36.1697784368093,30.0
36.193345267841316,32.0
36.216912542051816,31.0
36.24048025980913,33.0
36.26404842148184,30.0
36.287617027438614,27.0
36.31118607804839,28.0
36.33475557368024,22.0
36.35832551470342,22.0
36.38189590148738,28.0
36.405466734401756,26.0
36.42903801381637,27.0
36.45260974010119,26.0
36.476181913626405,26.0
36.49975453476239,24.0
36.52332760387966,27.0
36.54690112134896,24.0
36.5704750875412,24.0
36.59404950282747,28.0
36.61762436757905,27.0
36.6411996821674,22.0
36.66477544696415,25.0
36.68835166234118,33.0
36.71192832867045,31.0
36.73550544632421,33.0
36.75908301567481,51.0
36.78266103709483,61.0
36.80623951095704,65.0
36.82981843763438,64.0
36.853397817499975,65.0
36.87697765092715,73.0
36.90055793828939,78.0
36.92413867996038,63.0
36.94771987631403,54.0
36.971301527724364,46.0
36.99488363456565,47.0
37.01846619721232,35.0
37.04204921603902,30.0
37.06563269142052,28.0
37.08921662373185,26.0
37.1128010133482,28.0
37.13638586064492,20.0
37.159971165997604,25.0
37.183556929782014,20.0
37.20714315237406,12.0
37.2307298341499,17.0
37.25431697548583,17.0
37.27790457675839,18.0
37.301492638344264,16.0
37.32508116062035,17.0
37.34867014396372,17.0
37.37225958875167,19.0
37.395849495361645,15.0
37.41943986417129,12.0
37.44303069555847,13.0
37.466621989901206,17.0
37.490213747577734,14.0
37.513805968966466,15.0
37.53739865444601,17.0
37.560991804395194,16.0
37.584585419192976,14.0
37.608179499218565,16.0
37.631774044851326,18.0
37.65536905647087,18.0
37.6789645344569,14.0
37.70256047918943,12.0
37.72615689104858,14.0
37.74975377041472,16.0
37.7733511176684,15.0
37.7969489331903,17.0
37.82054721736141,18.0
37.84414597056281,12.0
37.867745193175836,16.0
37.891344885581994,16.0
37.91494504816301,15.0
37.938545681300766,14.0
37.962146785377385,13.0
37.985748360775126,17.0
38.0093504078765,16.0
38.032952927064215,14.0
38.05655591872111,15.0
38.08015938323031,16.0
38.10376332097505,14.0
38.12736773233883,17.0
38.15097261770532,19.0
38.174577977458384,13.0
38.19818381198208,20.0
38.221790121660675,19.0
38.24539690687863,13.0
38.26900416802061,14.0
38.29261190547148,10.0
38.31622011961628,7.0
38.33982881084029,12.0
38.363437979528946,12.0
38.38704762606789,16.0
38.410657750843015,17.0
38.434268354240345,14.0
38.457879436646145,14.0
38.481490998446866,14.0
38.50510304002917,14.0
38.52871556177989,10.0
38.55232856408612,21.0
38.57594204733506,19.0
38.59955601191422,20.0
38.62317045821125,19.0
38.646785386613985,18.0
38.67040079751053,20.0
38.69401669128911,17.0
38.71763306833821,16.0
38.7412499290465,13.0
38.76486727380284,8.0
38.788485102996326,9.0
38.812103417016225,13.0
38.83572221625203,10.0
38.85934150109342,9.0
38.88296127193028,8.0
38.906581529152696,10.0
38.930202273151004,18.0
38.95382350431566,17.0
38.97744522303739,14.0
39.00106742970712,15.0
39.02469012471593,14.0
39.0483133084552,10.0
39.071936981316405,8.0
39.09556114369129,13.0
39.119185795971816,12.0
39.14281093855013,18.0
39.166436571818544,16.0
39.190062696169655,16.0
39.213689311996234,13.0
39.23731641969121,14.0
39.260944019647816,12.0
39.28457211225939,21.0
39.30820069791958,15.0
39.33182977702215,8.0
39.355459349961116,13.0
39.37908941713072,13.0
39.402719978925376,10.0
39.42635103573972,10.0
39.44998258796859,10.0
39.47361463600708,13.0
39.4972471802504,13.0
39.52088022109407,14.0
39.54451375893376,16.0
39.568147794165355,19.0
39.59178232718497,14.0
39.61541735838893,11.0
39.639052888173765,11.0
39.66268891693619,12.0
39.686325445073166,14.0
39.70996247298184,15.0
39.733600001059635,17.0
39.757238029704084,19.0
39.78087655931299,19.0
39.804515590284396,14.0
39.82815512301647,12.0
39.8517951579077,14.0
39.8754356953567,13.0
39.899076735762364,14.0
39.92271827952374,14.0
39.94636032704011,15.0
39.97000287871102,11.0
39.993645934936126,11.0
40.017289496115396,10.0
40.04093356264897,11.0
40.06457813493722,9.0
40.08822321338071,8.0
40.11186879838023,7.0
40.13551489033677,9.0
40.159161489651595,7.0
40.18280859672612,5.0
40.206456211961985,11.0
40.230104335761105,11.0
40.25375296852552,13.0
40.277402110657555,8.0
40.30105176255974,11.0
40.32470192463481,14.0
40.34835259728572,12.0
40.37200378091564,14.0
40.39565547592798,20.0
40.419307682726334,13.0
40.44296040171455,12.0
40.466613633296646,8.0
40.49026737787694,12.0
40.513921635859866,8.0
40.537576407650164,10.0
40.56123169365277,13.0
40.58488749427279,8.0
40.60854380991564,5.0
40.63220064098686,13.0
40.65585798789229,16.0
40.67951585103795,12.0
40.70317423083009,11.0
40.726833127675164,12.0
40.75049254197991,15.0
40.7741524741512,20.0
40.797812924596165,14.0
40.8214738937222,12.0
40.84513538193687,10.0
40.86879738964799,11.0
40.89245991726357,13.0
40.91612296519187,9.0
40.939786533841364,6.0
40.96345062362074,6.0
40.98711523493893,6.0
41.01078036820509,8.0
41.03444602382857,11.0
41.058112202218965,13.0
41.081778903786116,9.0
41.105446128940045,10.0
41.12911387809105,11.0
41.1527821516496,9.0
41.17645095002642,15.0
41.20012027363249,13.0
41.223790122878945,8.0
41.24746049817719,9.0
41.27113139993888,11.0
41.29480282857587,10.0
41.3184747845002,11.0
41.3421472681242,8.0
41.36582027986043,9.0
41.38949382012163,11.0
41.4131678893208,8.0
41.43684248787117,13.0
41.460517616186195,14.0
41.484193274679534,12.0
41.507869463765104,12.0
41.53154618385706,11.0
41.55522343536973,13.0
41.57890121871777,16.0
41.60257953431597,22.0
41.626258382579394,22.0
41.64993776392332,39.0
41.67361767876331,31.0
41.697298127515054,27.0
41.720979110594605,24.0
41.74466062841813,28.0
41.76834268140207,22.0
41.79202526996315,18.0
41.81570839451822,18.0
41.839392055484474,15.0
41.863076253279274,12.0
41.88676098832022,15.0
41.91044626102517,11.0
41.93413207181217,11.0
41.95781842109958,8.0
41.98150530930591,9.0
42.005192736849935,14.0
42.02888070415069,14.0
42.05256921162741,9.0
42.07625825969958,10.0
42.09994784878692,10.0
42.12363797930941,11.0
42.14732865168719,13.0
42.171019866340735,11.0
42.19471162369066,12.0
42.2184039241579,5.0
42.242096768163584,7.0
42.26579015612909,9.0
42.289484088476016,10.0
42.31317856562622,8.0
42.336873588001794,7.0
42.36056915602503,9.0
42.38426527011853,8.0
42.40796193070507,9.0
42.43165913820771,10.0
42.45535689304971,6.0
42.47905519565461,9.0
42.50275404644614,13.0
42.52645344584833,10.0
42.55015339428539,8.0
42.57385389218182,8.0
42.597554939962336,10.0
42.62125653805189,9.0
42.64495868687568,8.0
42.66866138685914,8.0
42.69236463842799,14.0
42.716068442008144,15.0
42.73977279802575,13.0
42.76347770690723,12.0
42.787183169079235,7.0
42.81088918496867,6.0
42.834595755002674,8.0
42.858302879608615,13.0
42.882010559214145,15.0
42.90571879424713,10.0
42.92942758513565,8.0
42.953136932308105,12.0
42.97684683619309,12.0
43.00055729721944,12.0
43.024268315816265,12.0
43.0479798924129,15.0
43.07169202743892,13.0
43.09540472132418,17.0
43.119117974498735,14.0
43.14283178739292,13.0
43.16654616043733,8.0
43.19026109406273,15.0
43.21397658870022,14.0
43.23769264478112,12.0
43.26140926273698,11.0
43.285126442999626,14.0
43.308844186001075,15.0
43.33256249217366,14.0
43.35628136194995,15.0
43.38000079576273,15.0
43.403720794045064,17.0
43.42744135723025,19.0
43.451162485751844,13.0
43.474884180043645,15.0
43.498606440539724,14.0
43.522329267674365,23.0
43.54605266188213,33.0
43.56977662359783,41.0
43.59350115325655,36.0
43.617226251293545,43.0
43.64095191814442,60.0
43.664678154244996,71.0
43.688404960031306,83.0
43.71213233593969,91.0
43.735860282406726,113.0
43.75958879986924,141.0
43.783317888764316,152.0
43.80704754952927,194.0
43.83077778260173,228.0
43.85450858841948,201.0
43.8782399674207,193.0
43.901971920043664,185.0
43.92570444672704,156.0
43.94943754790965,116.0
43.97317122403063,96.0
43.996905475529374,93.0
44.02064030284551,73.0
44.0443757064189,49.0
44.06811168668971,26.0
44.09184824409836,16.0
44.11558537908549,13.0
44.13932309209202,11.0
44.163061383559125,13.0
44.186800253928254,13.0
44.2105397036411,12.0
44.234279733139594,16.0
44.258020342866004,17.0
44.281761533262724,19.0
44.305503304772536,18.0
44.32924565783843,17.0
44.35298859290362,13.0
44.376732110411666,11.0
44.40047621080632,10.0
44.42422089453161,11.0
44.44796616203182,11.0
44.47171201375155,12.0
44.49545845013557,8.0
44.51920547162898,10.0
44.542953078677144,14.0
44.56670127172563,9.0
44.59045005122032,7.0
44.61419941760736,9.0
44.63794937133315,10.0
44.66169991284432,10.0
44.685451042587815,9.0
44.70920276101082,7.0
44.732955068560784,7.0
44.75670796568543,9.0
44.78046145283274,8.0
44.804215530450946,6.0
44.82797019898858,6.0
44.851725458894435,5.0
44.87548131061754,6.0
44.899237754607185,6.0
44.922994791313,7.0
44.9467524211848,6.0
44.97051064467271,9.0
44.99426946222709,10.0
45.018028874298615,10.0
45.04178888133822,8.0
45.065549483797064,5.0
45.0893106821266,7.0
45.11307247677858,7.0
45.136834868204986,7.0
45.16059785685807,8.0
45.18436144319038,7.0
45.20812562765473,5.0
45.23189041070419,8.0
45.2556557927921,9.0
45.27942177437206,9.0
45.303188355898016,10.0
45.326955537824084,10.0
45.35072332060469,9.0
45.37449170469459,9.0
45.39826069054871,10.0
45.42203027862234,12.0
45.44580046937098,12.0
45.46957126325044,8.0
45.49334266071678,9.0
45.51711466222637,11.0
45.5408872682358,12.0
45.56466047920198,12.0
45.58843429558209,10.0
45.612208717833575,10.0
45.63598374641413,9.0
45.65975938178178,8.0
45.68353562439479,8.0
45.7073124747117,11.0
45.731089933191335,8.0
45.754868000292824,8.0
45.77864667647553,9.0
45.80242596219908,3.0
45.82620585792349,2.0
45.849986364108894,4.0
45.87376748121583,7.0
45.897549209705055,6.0
45.9213315500376,4.0
45.94511450267483,7.0
45.968898068078346,9.0
45.99268224671005,6.0
46.016467039032065,9.0
46.04025244550689,9.0
46.064038466597225,8.0
46.0878251027661,5.0
46.1116123544768,6.0
46.135400222192914,5.0
46.15918870637829,4.0
46.18297780749705,5.0
46.20676752601366,9.0
46.23055786239279,14.0
46.254348817099434,10.0
46.2781403905989,5.0
46.30193258335671,7.0
46.32572539583869,8.0
46.349518828511,5.0
46.37331288184005,5.0
46.3971075562925,7.0
46.420902852335374,9.0
46.44469877043589,7.0
46.46849531106166,5.0
46.49229247468048,4.0
46.516090261760475,4.0
46.539888672770076,6.0
46.56368770817798,7.0
46.58748736845316,5.0
46.6112876540649,5.0
46.635088565482775,8.0
46.6588901031766,9.0
46.68269226761656,8.0
46.70649505927306,9.0
46.730298478616795,8.0
46.75410252611883,6.0
46.777907202250404,6.0
46.80171250748315,7.0
46.82551844228893,6.0
46.84932500713991,6.0
46.873132202508565,5.0
46.89694002886763,6.0
46.92074848669015,9.0
46.9445575764495,6.0
46.96836729861924,3.0
46.99217765367335,1.0
47.01598864208603,8.0
47.03980026433177,11.0
47.063612520885385,9.0
47.08742541222198,4.0
47.11123893881693,5.0
47.13505310114595,8.0
47.158867899684964,5.0
47.1826833349103,4.0
47.20649940729851,7.0
47.23031611732645,8.0
47.25413346547131,7.0
47.27795145221053,7.0
47.30177007802185,6.0
47.32558934338336,6.0
47.349409248773405,5.0
47.37322979467059,6.0
47.39705098155394,6.0
47.420872809902626,9.0
47.44469528019623,10.0
47.468518392914596,11.0
47.492342148537844,12.0
47.51616654754644,11.0
47.539991590421124,12.0
47.563817277642926,15.0
47.5876436096932,18.0
47.611470587053574,18.0
47.635298210206024,16.0
47.659126479632775,19.0
47.682955395816386,13.0
47.706784959239705,13.0
47.73061517038588,10.0
47.75444602973838,9.0
47.778277537780966,10.0
47.80210969499769,10.0
47.82594250187293,10.0
47.84977595889137,13.0
47.873610066537964,11.0
47.897444825297995,13.0
47.92128023565706,12.0
47.945116298101055,12.0
47.96895301311616,16.0
47.99279038118891,15.0
48.0166284028061,11.0
48.040467078454846,12.0
48.064306408622585,14.0
48.088146393797004,11.0
48.111987034466225,12.0
48.13582833111851,11.0
48.15967028424258,9.0
48.18351289432738,9.0
48.20735616186217,8.0
48.231200087336575,6.0
48.255044671240455,7.0
48.27888991406401,9.0
48.30273581629777,7.0
48.32658237843257,5.0
48.35042960095952,5.0
48.374277484370104,6.0
48.39812602915604,11.0
48.42197523580944,9.0
48.44582510482269,8.0
48.46967563668845,9.0
48.493526831899764,12.0
48.51737869094994,8.0
48.54123121433262,12.0
48.56508440254175,9.0
48.58893825607163,4.0
48.61279277541679,9.0
48.636647961072185,10.0
48.66050381353298,8.0
48.68436033329472,6.0
48.70821752085325,4.0
48.73207537670473,7.0
48.75593390134564,10.0
48.77979309527278,8.0
48.80365295898326,9.0
48.8275134929745,13.0
48.85137469774427,10.0
48.875236573790616,7.0
48.89909912161193,7.0
48.92296234170693,10.0
48.94682623457462,8.0
48.970690800714365,6.0
48.99455604062582,6.0
49.01842195480898,7.0
49.04228854376414,9.0
49.06615580799194,9.0
49.09002374799332,7.0
49.11389236426955,6.0
49.137761657322244,6.0
49.1616316276533,5.0
49.18550227576497,6.0
49.209373602159786,8.0
49.2332456073407,11.0
49.25711829181087,7.0
49.28099165607384,4.0
49.30486570063349,7.0
49.32874042599398,9.0
49.352615832659836,6.0
49.3764919211359,9.0
49.400368691927326,9.0
49.42424614553959,7.0
49.44812428247855,5.0
49.47200310325031,5.0
49.49588260836137,4.0
49.5197627983185,4.0
49.54364367362885,6.0
49.56752523479989,6.0
49.591407482339356,9.0
49.61529041675541,6.0
49.63917403855648,5.0
49.663058348251326,6.0
49.68694334634909,4.0
49.71082903335916,7.0
49.73471540979134,10.0
49.75860247615572,9.0
49.782490232962715,11.0
49.8063786807231,11.0
49.83026781994797,11.0
49.85415765114876,10.0
49.87804817483722,11.0
49.90193939152545,11.0
49.92583130172586,9.0
49.94972390595125,6.0
49.97361720471467,8.0
49.99751119852964,8.0
50.021405887909815,5.0
50.04530127336937,7.0
50.06919735542274,6.0
50.09309413458469,6.0
50.116991611370324,6.0
50.140889786295105,7.0
50.16478865987483,7.0
50.1886882326256,10.0
50.21258850506393,7.0
50.23648947770656,7.0
50.26039115107068,6.0
50.28429352567376,8.0
50.30819660203361,9.0
50.33210038066841,9.0
50.356004862096654,8.0
50.379910046837175,6.0
50.40381593540917,5.0
50.427722528332176,6.0
50.45162982612605,6.0
50.47553782931101,9.0
50.4994465384076,9.0
50.5233559539367,5.0
50.547266076419604,5.0
50.57117690637784,8.0
50.595088444333385,8.0
50.619000690808484,8.0
50.642913646325745,11.0
50.666827311408156,10.0
50.690741686579024,7.0
50.71465677236199,8.0
50.738572569281054,11.0
50.7624890778606,9.0
50.78640629862528,6.0
50.810324232100164,8.0
50.834242878810635,9.0
50.85816223928244,10.0
50.88208231404167,7.0
50.906003103614744,9.0
50.92992460852847,9.0
50.953846829309974,6.0
50.97776976648675,6.0
51.001693420586626,7.0
51.025617792137815,9.0
51.04954288166883,9.0
51.073468689708584,8.0
51.097395216786296,7.0
51.121322463431596,10.0
51.14525043017442,13.0
51.16917911754505,13.0
51.193108526074184,11.0
51.21703865629281,8.0
51.2409695087323,6.0
51.264901083924364,7.0
51.28883338240109,8.0
51.31276640469489,6.0
51.33670015133857,8.0
51.36063462286529,11.0
51.38456981980851,9.0
51.408505742702125,6.0
51.432442392080326,5.0
51.45637976847769,11.0
51.48031787242916,14.0
51.50425670447,16.0
51.528196265135904,14.0
51.552136554962836,15.0
51.57607757448719,15.0
51.600019324245686,11.0
51.62396180477542,11.0
51.64790501661385,16.0
51.671848960298775,14.0
51.695793636368364,13.0
51.71973904536116,12.0
51.74368518781607,10.0
51.76763206427235,10.0
51.79157967526962,9.0
51.81552802134788,5.0
51.83947710304747,8.0
51.863426920909134,12.0
51.88737747547392,7.0
51.91132876728331,4.0
51.9352807968791,7.0
51.95923356480346,12.0
51.98318707159895,12.0
52.0071413178085,9.0
52.03109630397537,11.0
52.055052030643225,10.0
52.07900849835606,12.0
52.10296570765827,12.0
52.126923659094636,12.0
52.15088235321024,13.0
52.17484179055061,13.0
52.198801971661595,11.0
52.22276289708943,13.0
52.24672456738074,14.0
52.270686983082484,15.0
52.29465014474201,14.0
52.318614052907044,12.0
52.342578708125686,14.0
52.36654411094639,18.0
52.390510261918024,17.0
52.41447716158977,11.0
52.43844481051126,15.0
52.46241320923241,16.0
52.48638235830357,10.0
52.51035225827548,10.0
52.53432290969921,12.0
52.55829431312624,10.0
52.5822664691084,6.0
52.60623937819791,13.0
52.63021304094739,14.0
52.65418745790978,13.0
52.678162629638464,12.0
52.70213855668715,12.0
52.726115239609996,11.0
52.75009267896143,11.0
52.774070875296395,14.0
52.79804982917008,13.0
52.822029541138164,12.0
52.84601001175664,17.0
52.8699912415819,17.0
52.89397323117074,16.0
52.91795598108031,19.0
52.941939491868155,16.0
52.96592376409221,17.0
52.98990879831078,20.0
53.01389459508255,26.0
53.037881154966634,35.0
53.06186847852247,41.0
53.0858565663099,51.0
53.10984541888919,59.0
53.133835036820926,71.0
53.15782542066616,103.0
53.18181657098627,133.0
53.20580848834304,164.0
53.22980117329864,176.0
53.253794626415626,178.0
53.27778884825697,168.0
53.301783839386,153.0
53.32577960036643,145.0
53.3497761317624,131.0
53.37377343413841,107.0
53.397771508059364,94.0
53.421770354090555,88.0
53.44576997279767,75.0
53.46977036474677,56.0
53.493771530504354,35.0
53.517773470637245,19.0
53.54177618571275,19.0
53.565779676298476,21.0
53.589783942962484,18.0
53.61378898627319,16.0
53.637794806799505,20.0
53.661801405110566,19.0
53.68580878177604,17.0
53.70981693736597,14.0
53.73382587245073,9.0
53.7578355876012,10.0
53.781846083388544,12.0
53.8058573603844,13.0
53.82986941916078,10.0
53.85388226029007,7.0
53.87789588434513,12.0
53.90191029189914,15.0
53.92592548352573,12.0
53.9499414597989,10.0
53.97395822129308,7.0
53.99797576858306,11.0
54.02199410224411,12.0
54.04601322285182,10.0
54.070033130982196,14.0
54.094053827211724,14.0
54.11807531211716,10.0
54.14209758627583,8.0
54.16612065026533,9.0
54.1901445046637,11.0
54.214169150049415,13.0
54.238194587001345,13.0
54.26222081609873,14.0
54.28624783792128,14.0
54.310275653049054,12.0
54.33430426206254,9.0
54.35833366554266,9.0
54.38236386407069,7.0
54.406394858228396,9.0
54.43042664859788,16.0
54.45445923576166,16.0
54.47849262030274,13.0
54.502526802804425,13.0
54.52656178385053,15.0
54.55059756402522,15.0
54.574634143913094,13.0
54.598671524099174,12.0
54.62270970516887,11.0
54.646748687708055,13.0
54.670788472302945,10.0
54.69482905954022,9.0
54.71887045000695,12.0
54.742912644290676,11.0
54.76695564297928,9.0
54.79099944666111,11.0
54.81504405592491,10.0
54.83908947135986,9.0
54.86313569355554,9.0
54.88718272310194,12.0
54.91123056058951,17.0
54.935279206609074,16.0
54.959328661751925,17.0
54.9833789266097,15.0
55.00743000177456,13.0
55.031481887839014,13.0
55.05553458539598,11.0
55.07958809503887,11.0
55.103642417361456,10.0
55.12769755295797,12.0
55.15175350242305,13.0
55.17581026635175,12.0
55.19986784533959,13.0
55.22392623998245,14.0
55.24798545087671,16.0
55.272045478619106,16.0
55.296106323806846,10.0
55.32016798703755,6.0
55.34423046890928,9.0
55.36829377002051,10.0
55.392357890970125,11.0
55.41642283235749,11.0
55.44048859478235,10.0
55.46455517884491,9.0
55.488622585145805,13.0
55.512690814286074,15.0
55.5367598668672,12.0
55.56082974349113,11.0
55.58490044476019,12.0
55.60897197127718,13.0
55.63304432364532,12.0
55.657117502468246,11.0
55.681191508350075,12.0
55.70526634189528,13.0
55.72934200370889,12.0
55.753418494396236,12.0
55.77749581456317,10.0
55.80157396481596,6.0
55.8256529457613,8.0
55.84973275800634,9.0
55.87381340215865,11.0
55.897894878826264,15.0
55.92197718861762,13.0
55.94606033214164,9.0
55.97014431000762,10.0
55.99422912282538,11.0
56.01831477120512,12.0
56.0424012557575,14.0
56.06648857709364,11.0
56.090576735825046,12.0
56.11466573256375,17.0
56.13875556792216,15.0
56.16284624251317,13.0
56.18693775695006,13.0
56.211030111846654,14.0
56.23512330781713,17.0
56.259217345476145,14.0
56.28331222543883,11.0
56.307407948320694,12.0
56.33150451473777,13.0
56.35560192530651,17.0
56.37970018064378,20.0
56.40379928136694,22.0
56.4278992280938,22.0
56.452000021442586,20.0
56.476101662031994,25.0
56.50020415048118,26.0
56.524307487409736,21.0
56.54841167343773,19.0
56.572516709185635,22.0
56.59662259527444,20.0
56.62072933232553,19.0
56.64483692096079,21.0
56.66894536180253,20.0
56.69305465547351,21.0
56.717164802597,22.0
56.74127580379665,23.0
56.76538765969661,23.0
56.78950037092149,22.0
56.81361393809635,24.0
56.83772836184669,26.0
56.86184364279852,30.0
56.88595978157823,27.0
56.910076778812744,18.0
56.93419463512941,17.0
56.95831335115603,16.0
56.98243292752092,18.0
57.006553364852785,19.0
57.03067466378084,18.0
57.05479682493476,13.0
57.07891984894465,12.0
57.10304373644111,13.0
57.1271684880552,11.0
57.151294104418454,13.0
57.17542058616284,12.0
57.199547933920826,11.0
57.22367614832532,9.0
57.24780523000971,7.0
57.27193517960788,11.0
57.296065997754106,14.0
57.32019768508322,12.0
57.34433024223048,11.0
57.368463669831584,12.0
57.392597968522765,13.0
57.41673313894067,11.0
57.44086918172248,10.0
57.46500609750578,10.0
57.48914388692869,10.0
57.51328255062971,12.0
57.53742208924795,12.0
57.561562503422856,11.0
57.58570379379446,9.0
57.60984596100319,6.0
57.63398900568999,11.0
57.65813292849627,13.0
57.68227773006392,12.0
57.7064234110353,12.0
57.73056997205325,11.0
57.7547174137611,13.0
57.77886573680266,12.0
57.80301494182216,9.0
57.82716502946442,10.0
57.85131600037465,13.0
57.87546785519858,14.0
57.89962059458238,12.0
57.923774219172785,14.0
57.947928729616926,14.0
57.97208412656248,11.0
57.996240410657556,11.0
58.02039758255078,13.0
58.04455564289127,11.0
58.0687145923286,12.0
58.092874431512854,12.0
58.11703516109459,10.0
58.14119678172485,10.0
58.165359294055186,11.0
58.18952269873761,13.0
58.21368699642464,20.0
58.237852187769285,21.0
58.26201827342504,12.0
58.286185254045854,9.0
58.31035313028625,13.0
58.334521902801164,14.0
58.35869157224606,14.0
58.38286213927689,10.0
58.4070336045501,11.0
58.43120596872264,12.0
58.455379232451904,7.0
58.479553396395865,7.0
58.50372846121291,11.0
58.52790442756197,13.0
58.55208129610246,10.0
58.576259067494306,9.0
58.6004377423979,12.0
58.62461732147416,14.0
58.648797805384504,14.0
58.672979194790805,9.0
58.6971614903555,7.0
58.72134469274148,9.0
58.745528802612185,8.0
58.76971382063147,8.0
58.79389974746382,9.0
58.81808658377406,9.0
58.84227433022769,9.0
58.866462987490614,8.0
58.89065255622922,10.0
58.91484303711049,11.0
58.93903443080184,12.0
58.963226737971205,11.0
58.98741995928707,8.0
59.01161409541837,9.0
59.03580914703456,12.0
59.060005114805655,15.0
59.084201999402104,13.0
59.108399801494926,12.0
59.132598521755625,12.0
59.1567981608562,11.0
59.1809987194692,12.0
59.20520019826765,13.0
59.22940259792511,14.0
59.25360591911566,14.0
59.27781016251386,12.0
59.302015328794816,11.0
59.32622141863413,11.0
59.35042843270794,11.0
59.37463637169289,11.0
59.39884523626611,8.0
59.42305502710531,8.0
59.44726574488868,8.0
59.47147739029493,9.0
59.49568996400328,12.0
59.5199034666935,15.0
59.54411789904584,13.0
59.568333261741124,12.0
59.59254955546066,12.0
59.61676678088625,12.0
59.640984938700306,8.0
59.665204029585695,5.0
59.689424054225796,7.0
59.7136450133046,9.0
59.73786690750652,11.0
59.762089737516554,8.0
59.78631350402021,7.0
59.810538207703516,10.0
59.83476384925306,13.0
59.858990429355934,11.0
59.88321794869973,9.0
59.90744640797264,13.0
59.931675807863314,10.0
59.95590614906099,10.0
59.9801374322554,13.0
60.00436965813682,12.0
60.02860282739605,12.0
60.05283694072445,15.0
60.0770719988139,17.0
60.10130800235678,14.0
60.12554495204607,12.0
60.14978284857523,13.0
60.17402169263828,16.0
60.198261484929766,17.0
60.222502226144805,15.0
60.246743916979,15.0
60.270986558128556,13.0
60.295230150290145,10.0
60.319474694161016,13.0
60.34372019043899,10.0
60.36796663982235,8.0
60.39221404300999,14.0
60.41646240070135,17.0
60.44071171359634,14.0
60.46496198239548,9.0
60.48921320779985,9.0
60.513465390511,10.0
60.53771853123105,9.0
60.56197263066274,9.0
60.58622768950924,8.0
60.61048370847437,7.0
60.634740688262454,12.0
60.65899862957833,13.0
60.68325753312746,14.0
60.707517399615774,14.0
60.73177822974984,8.0
60.756040024236704,11.0
60.78030278378402,16.0
60.804566509099935,10.0
60.82883120089321,10.0
60.85309685987312,10.0
60.8773634867495,11.0
60.901631082232775,10.0
60.92589964703387,14.0
60.95016918186428,14.0
60.97443968743613,11.0
60.998711164461994,7.0
61.022983613655065,9.0
61.0472570357291,15.0
61.07153143139839,17.0
61.095806801377776,13.0
61.120083146382726,8.0
61.144360467129175,8.0
61.168638764333714,9.0
61.192918038713444,9.0
61.21719829098601,8.0
61.241479521869664,12.0
61.26576173208325,12.0
61.29004492234607,14.0
61.3143290933781,15.0
61.33861424589984,13.0
61.362900380632325,12.0
61.38718749829725,13.0
61.41147559961678,14.0
61.43576468531372,16.0
61.46005475611138,14.0
61.4843458127337,13.0
61.508637855905185,10.0
61.532930886350876,6.0
61.5572249047964,7.0
61.58151991196799,10.0
61.605815908592405,14.0
61.630112895397005,11.0
61.65441087310973,5.0
61.67870984245909,8.0
61.70300980417419,11.0
61.72731075898466,11.0
61.75161270762076,13.0
61.77591565081331,12.0
61.8002195892937,10.0
61.82452452379393,12.0
61.84883045504653,12.0
61.8731373837847,12.0
61.89744531074213,12.0
61.92175423665312,15.0
61.94606416225258,13.0
61.970375088275986,7.0
61.99468701545941,10.0
62.01899994453946,15.0
62.04331387625344,13.0
62.06762881133911,14.0
62.09194475053491,13.0
62.116261694579855,11.0
62.140579644213474,14.0
62.164898600176016,13.0
62.1892185632082,12.0
62.213539534051414,15.0
62.23786151344759,15.0
62.262184502139306,16.0
62.28650850086965,15.0
62.3108335103824,14.0
62.33515953142185,13.0
62.35948656473296,13.0
62.38381461106121,17.0
62.40814367115274,15.0
62.432473745754265,10.0
62.456804835613084,14.0
62.48113694147712,14.0
62.50547006409489,13.0
62.52980420421548,13.0
62.55413936258861,14.0
62.578475539964614,12.0
62.6028127370944,16.0
62.627150954729466,18.0
62.65149019362199,22.0
62.67583045452463,22.0
62.70017173819078,20.0
62.72451404537437,18.0
62.74885737682993,20.0
62.773201733312604,22.0
62.7975471155782,25.0
62.82189352438304,26.0
62.84624096048413,25.0
62.87058942463909,30.0
62.89493891760608,43.0
62.919289440143956,55.0
62.94364099301211,64.0
62.96799357697058,94.0
62.99234719278005,128.0
63.0167018412018,126.0
63.04105752299769,138.0
63.06541423893022,141.0
63.08977198976252,129.0
63.114130776258335,108.0
63.13849059918203,100.0
63.16285145929854,88.0
63.187213357373494,78.0
63.2115762941731,76.0
63.23594027046419,67.0
63.26030528701423,59.0
63.284671344591295,46.0
63.3090384439641,37.0
63.33340658590196,29.0
63.35777577117484,24.0
63.382146000553355,24.0
63.40651727480863,19.0
63.43088959471257,17.0
63.455262961037626,19.0
63.47963737455687,17.0
63.50401283604404,12.0
63.528389346273485,10.0
63.55276690602019,10.0
63.57714551605976,9.0
63.60152517716843,15.0
63.62590589012313,19.0
63.65028765570132,16.0
63.67467047468119,15.0
63.699054347841496,14.0
63.72343927596168,10.0
63.747825259821795,10.0
63.77221230020255,15.0
63.796600397885236,12.0
63.82098955365187,14.0
63.84537976828504,12.0
63.86977104256805,13.0
63.89416337728473,10.0
63.918556773219684,6.0
63.942951231158055,5.0
63.96734675188565,13.0
63.99174333618902,13.0
64.01614098485518,13.0
64.040539698672,17.0
64.06493947842782,16.0
64.08934032491169,17.0
64.11374223891336,16.0
64.13814522122318,11.0
64.16254927263215,11.0
64.18695439393193,12.0
64.21136058591479,11.0
64.23576784937376,11.0
64.26017618510241,12.0
64.28458559389503,11.0
64.30899607654652,10.0
64.3334076338525,12.0
64.35782026660917,14.0
64.38223397561343,10.0
64.40664876166285,9.0
64.4310646255556,14.0
64.45548156809062,13.0
64.4798995900674,12.0
64.5043186922861,12.0
64.52873887554763,11.0
64.55316014065346,13.0
64.57758248840581,18.0
64.6020059196075,12.0
64.62643043506205,11.0
64.65085603557363,13.0
64.67528272194708,11.0
64.6997104949879,10.0
64.7241393555023,6.0
64.74856930429712,6.0
64.77300034217986,12.0
64.79743246995871,13.0
64.8218656884425,12.0
64.84629999844084,11.0
64.87073540076389,10.0
64.89517189622251,5.0
64.9196094856283,8.0
64.94404816979346,9.0
64.9684879495309,11.0
64.9929288256542,9.0
65.01737079897764,9.0
65.04181387031613,10.0
65.06625804048532,8.0
65.09070331030152,11.0
65.11514968058168,10.0
65.13959715214348,10.0
65.16404572580525,9.0
65.18849540238605,7.0
65.21294618270558,10.0
65.23739806758425,8.0
65.26185105784315,6.0
65.28630515430403,12.0
65.31076035778939,12.0
65.33521666912237,13.0
65.3596740891268,11.0
65.38413261862722,10.0
65.40859225844883,11.0
65.43305300941759,8.0
65.45751487236008,12.0
65.48197784810363,14.0
65.50644193747617,13.0
65.5309071413065,9.0
65.55537346042394,11.0
65.57984089565855,11.0
65.60430944784119,9.0
65.62877911780328,14.0
65.65324990637704,12.0
65.67772181439534,12.0
65.70219484269178,9.0
65.72666899210066,6.0
65.75114426345691,11.0
65.77562065759629,14.0
65.80009817535515,12.0
65.82457681757063,4.0
65.84905658508053,6.0
65.87353747872339,6.0
65.89801949933842,10.0
65.92250264776553,14.0
65.94698692484543,12.0
65.97147233141943,10.0
65.99595886832964,13.0
66.0204465364188,13.0
66.04493533653041,11.0
66.06942526950874,14.0
66.09391633619865,11.0
66.11840853744579,11.0
66.14290187409657,14.0
66.16739634699802,16.0
66.19189195699794,16.0
66.21638870494486,12.0
66.24088659168801,9.0
66.26538561807736,10.0
66.28988578496357,12.0
66.31438709319806,15.0
66.33888954363294,11.0
66.3633931371211,7.0
66.38789787451606,8.0
66.41240375667218,10.0
66.43691078444446,13.0
66.46141895868868,9.0
66.48592828026132,9.0
66.51043875001957,10.0
66.53495036882146,11.0
66.55946313752563,11.0
66.58397705699146,10.0
66.60849212807916,10.0
66.63300835164958,12.0
66.65752572856438,12.0
66.68204425968587,10.0
66.70656394587716,14.0
66.73108478800211,12.0
66.7556067869253,9.0
66.78012994351197,12.0
66.80465425862825,10.0
66.82917973314092,10.0
66.85370636791751,9.0
66.87823416382629,9.0
66.9027631217363,10.0
66.92729324251734,10.0
66.9518245270399,8.0
66.97635697617525,8.0
67.00089059079542,9.0
67.02542537177317,9.0
67.049961319982,4.0
67.07449843629621,6.0
67.09903672159082,7.0
67.12357617674157,6.0
67.14811680262498,7.0
67.1726586001184,12.0
67.19720157009978,10.0
67.22174571344799,11.0
67.24629103104253,6.0
67.27083752376376,8.0
67.2953851924927,16.0
67.31993403811123,9.0
67.34448406150189,8.0
67.36903526354807,8.0
67.39358764513386,12.0
67.4181412071442,13.0
67.44269595046467,15.0
67.46725187598173,12.0
67.49180898458256,10.0
67.51636727715507,7.0
67.54092675458803,4.0
67.56548741777092,12.0
67.59004926759395,13.0
67.61461230494821,8.0
67.63917653072548,8.0
67.66374194581833,6.0
67.68830855112012,8.0
67.712876347525,10.0
67.73744533592784,14.0
67.76201551722436,13.0
67.78658689231099,12.0
67.81115946208499,10.0
67.8357332274444,10.0
67.86030818928796,12.0
67.88488434851533,11.0
67.90946170602683,10.0
67.93404026272367,9.0
67.95862001950772,11.0
67.98320097728175,9.0
68.00778313694929,12.0
68.03236649941456,8.0
68.05695106558277,6.0
68.08153683635969,12.0
68.1061238126521,13.0
68.13071199536736,9.0
68.1553013854138,6.0
68.17989198370044,11.0
68.20448379113715,11.0
68.22907680863459,10.0
68.25367103710417,14.0
68.27826647745812,15.0
68.30286313060951,14.0
68.32746099747219,7.0
68.35206007896073,9.0
68.37666037599068,6.0
68.40126188947822,5.0
68.4258646203404,9.0
68.45046856949511,8.0
68.475073737861,10.0
68.49968012635753,9.0
68.52428773590496,11.0
68.54889656742444,10.0
68.57350662183781,10.0
68.59811790006782,8.0
68.62273040303798,9.0
68.64734413167258,11.0
68.67195908689683,11.0
68.69657526963668,8.0
68.7211926808189,9.0
68.7458113213711,8.0
68.7704311922217,9.0
68.79505229429994,11.0
68.81967462853586,9.0
68.84429819586036,9.0
68.86892299720512,12.0
68.89354903350268,14.0
68.91817630568639,15.0
68.94280481469046,13.0
68.96743456144982,12.0
68.99206554690036,16.0
69.01669777197876,13.0
69.04133123762242,18.0
69.06596594476973,20.0
69.09060189435984,20.0
69.11523908733274,14.0
69.1398775246292,20.0
69.16451720719091,20.0
69.18915813596038,26.0
69.2138003118809,30.0
69.23844373589667,23.0
69.2630884089527,21.0
69.28773433199483,20.0
69.3123815059697,21.0
69.33702993182492,19.0
69.36167961050879,18.0
69.3863305429706,14.0
69.41098273016036,20.0
69.43563617302901,15.0
69.46029087252832,18.0
69.48494682961086,15.0
69.50960404523013,12.0
69.53426252034043,13.0
69.55892225589692,12.0
69.58358325285558,13.0
69.60824551217334,8.0
69.6329090348079,14.0
69.65757382171783,13.0
69.68223987386257,14.0
69.70690719220244,13.0
69.73157577769858,16.0
69.75624563131302,14.0
69.78091675400863,9.0
69.80558914674918,7.0
69.83026281049926,7.0
69.85493774622437,10.0
69.87961395489077,11.0
69.90429143746574,12.0
69.92897019491734,14.0
69.95365022821453,12.0
69.97833153832708,19.0
70.00301412622574,13.0
70.02769799288203,16.0
70.05238313926839,14.0
70.07706956635816,14.0
70.10175727512552,13.0
70.12644626654549,11.0
70.15113654159406,14.0
70.17582810124802,14.0
70.2005209464851,21.0
70.22521507828387,14.0
70.24991049762383,15.0
70.2746072054853,12.0
70.29930520284954,12.0
70.32400449069863,9.0
70.34870507001565,6.0
70.37340694178444,12.0
70.39811010698986,9.0
70.42281456661753,11.0
70.44752032165403,14.0
70.47222737308685,13.0
70.49693572190438,12.0
70.5216453690958,9.0
70.54635631565132,13.0
70.571068562562,16.0
70.59578211081974,13.0
70.62049696141747,12.0
70.64521311534885,11.0
70.66993057360861,14.0
70.69464933719229,11.0
70.71936940709632,10.0
70.7440907843181,11.0
70.7688134698559,7.0
70.7935374647089,7.0
70.81826276987722,9.0
70.84298938636186,12.0
70.86771731516471,11.0
70.89244655728862,14.0
70.91717711373731,13.0
70.94190898551547,12.0
70.96664217362864,11.0
70.99137667908337,13.0
71.01611250288704,10.0
71.04084964604797,11.0
71.06558810957543,9.0
71.09032789447961,15.0
71.11506900177156,11.0
71.13981143246338,7.0
71.16455518756796,8.0
71.18930026809919,13.0
71.21404667507187,10.0
71.23879440950176,9.0
71.26354347240554,10.0
71.28829386480078,12.0
71.313045587706,7.0
71.33779864214065,8.0
71.36255302912522,6.0
71.38730874968098,14.0
71.41206580483019,11.0
71.43682419559613,14.0
71.4615839230029,14.0
71.48634498807564,11.0
71.51110739184034,10.0
71.53587113532403,9.0
71.56063621955461,10.0
71.585402645561,12.0
71.610170414373,8.0
71.63493952702137,10.0
71.65970998453783,13.0
71.68448178795511,8.0
71.70925493830674,10.0
71.7340294366274,11.0
71.75880528395257,12.0
71.78358248131877,8.0
71.80836102976343,6.0
71.83314093032497,8.0
71.85792218404279,9.0
71.88270479195717,12.0
71.90748875510947,14.0
71.93227407454185,11.0
71.95706075129762,7.0
71.98184878642094,7.0
72.00663818095697,15.0
72.03142893595182,12.0
72.0562210524526,9.0
72.0810145315074,13.0
72.10580937416526,9.0
72.13060558147615,8.0
72.15540315449107,11.0
72.18020209426203,13.0
72.20500240184192,16.0
72.22980407828473,19.0
72.25460712464528,18.0
72.27941154197953,24.0
72.30421733134432,24.0
72.32902449379752,19.0
72.35383303039792,16.0
72.37864294220539,16.0
72.40345423028074,18.0
72.42826689568577,24.0
72.45308093948324,13.0
72.47789636273697,13.0
72.50271316651171,15.0
72.52753135187331,17.0
72.55235091988844,12.0
72.57717187162493,15.0
72.60199420815152,14.0
72.62681793053797,12.0
72.65164303985506,14.0
72.67646953717458,13.0
72.70129742356924,9.0
72.72612670011286,14.0
72.75095736788023,10.0
72.77578942794712,9.0
72.80062288139035,9.0
72.82545772928772,14.0
72.85029397271802,13.0
72.87513161276115,8.0
72.8999706504979,13.0
72.92481108701021,14.0
72.94965292338087,16.0
72.97449616069383,17.0
72.99934080003403,18.0
73.02418684248737,11.0
73.0490342891408,12.0
73.07388314108238,14.0
73.09873339940108,16.0
73.12358506518693,21.0
73.14843813953104,16.0
73.17329262352544,23.0
73.19814851826331,16.0
73.22300582483876,21.0
73.24786454434707,24.0
73.27272467788434,33.0
73.29758622654796,34.0
73.32244919143615,54.0
73.34731357364828,57.0
73.3721793742847,64.0
73.39704659444688,74.0
73.42191523523725,58.0
73.44678529775929,44.0
73.47165678311761,46.0
73.49652969241778,43.0
73.52140402676646,50.0
73.54627978727133,32.0
73.57115697504118,39.0
73.59603559118574,39.0
73.62091563681595,31.0
73.64579711304366,25.0
73.67068002098185,32.0
73.69556436174457,27.0
73.7204501364469,18.0
73.74533734620495,15.0
73.77022599213599,9.0
73.79511607535824,14.0
73.82000759699106,13.0
73.8449005581549,13.0
73.86979495997113,17.0
73.8946908035624,16.0
73.91958809005226,12.0
73.94448682056542,13.0
73.9693869962276,16.0
73.99428861816571,14.0
74.01919168750759,12.0
74.04409620538226,8.0
74.06900217291981,6.0
74.09390959125136,8.0
74.11881846150918,7.0
74.14372878482652,8.0
74.16864056233784,9.0
74.1935537951786,11.0
74.2184684844854,10.0
74.24338463139588,8.0
74.26830223704884,10.0
74.29322130258407,8.0
74.31814182914256,17.0
74.34306381786635,14.0
74.36798726989855,11.0
74.39291218638344,10.0
74.41783856846631,10.0
74.44276641729361,11.0
74.46769573401286,10.0
74.49262651977276,9.0
74.51755877572303,11.0
74.54249250301453,13.0
74.56742770279918,14.0
74.59236437623015,9.0
74.61730252446152,11.0
74.64224214864872,18.0
74.66718324994804,9.0
74.69212582951707,12.0
74.71706988851447,8.0
74.7420154281,11.0
74.76696244943454,10.0
74.79191095368013,13.0
74.81686094199988,9.0
74.84181241555804,7.0
74.86676537552009,5.0
74.89171982305241,4.0
74.91667575932274,11.0
74.94163318549981,6.0
74.96659210275358,13.0
74.99155251225508,14.0
75.01651441517647,13.0
75.0414778126911,11.0
75.0664427059734,12.0
75.09140909619897,12.0
75.11637698454459,10.0
75.14134637218815,9.0
75.16631726030857,10.0
75.19128965008618,13.0
75.21626354270222,11.0
75.24123893933918,7.0
75.26621584118068,7.0
75.29119424941152,8.0
75.31617416521762,14.0
75.34115558978606,11.0
75.36613852430514,8.0
75.3911229699642,11.0
75.4161089279539,11.0
75.44109639946586,12.0
75.46608538569306,11.0
75.49107588782954,9.0
75.51606790707051,12.0
75.54106144461238,11.0
75.56605650165271,15.0
75.59105307939025,6.0
75.61605117902492,10.0
75.64105080175781,14.0
75.66605194879118,11.0
75.69105462132846,6.0
75.71605882057428,6.0
75.74106454773444,6.0
75.76607180401597,15.0
75.79108059062698,14.0
75.81609090877686,6.0
75.84110275967618,6.0
75.86611614453666,9.0
75.89113106457124,13.0
75.91614752099397,11.0
75.9411655150203,11.0
75.96618504786663,3.0
75.99120612075072,5.0
76.01622873489146,10.0
76.04125289150898,16.0
76.06627859182457,8.0
76.09130583706079,11.0
76.11633462844131,13.0
76.14136496719112,14.0
76.16639685453632,15.0
76.1914302917043,11.0
76.21646527992354,12.0
76.24150182042392,16.0
76.26653991443641,12.0
76.29157956319317,9.0
76.3166207679277,14.0
76.34166352987462,9.0
76.36670785026982,7.0
76.39175373035037,12.0
76.41680117135463,13.0
76.44185017452216,16.0
76.46690074109374,17.0
76.49195287231133,13.0
76.51700656941826,9.0
76.54206183365895,15.0
76.56711866627917,16.0
76.59217706852583,13.0
76.61723704164716,11.0
76.6422985868926,10.0
76.66736170551279,16.0
76.69242639875971,12.0
76.7174926678865,10.0
76.74256051414756,10.0
76.7676299387986,12.0
76.79270094309652,14.0
76.81777352829953,14.0
76.84284769566705,11.0
76.86792344645971,10.0
76.89300078193952,15.0
76.91807970336967,7.0
76.9431602120146,10.0
76.96824230914008,4.0
76.99332599601311,6.0
77.01841127390193,9.0
77.0434981440761,10.0
77.06858660780637,11.0
77.0936766663649,13.0
77.11876832102499,7.0
77.14386157306129,8.0
77.16895642374968,8.0
77.19405287436737,8.0
77.21915092619281,12.0
77.24425058050576,8.0
77.26935183858731,10.0
77.29445470171972,10.0
77.31955917118657,9.0
77.34466524827285,12.0
77.36977293426465,8.0
77.39488223044957,7.0
77.41999313811633,9.0
77.44510565855504,8.0
77.47021979305707,6.0
77.49533554291504,11.0
77.52045290942306,12.0
77.54557189387636,6.0
77.5706924975715,7.0
77.59581472180642,9.0
77.62093856788034,12.0
77.6460640370938,11.0
77.6711911307486,12.0
77.69631985014793,6.0
77.7214501965963,7.0
77.74658217139942,11.0
77.77171577586444,14.0
77.79685101129986,14.0
77.82198787901537,11.0
77.84712638032214,13.0
77.87226651653248,14.0
77.89740828896025,9.0
77.92255169892043,5.0
77.94769674772954,11.0
77.9728434367053,12.0
77.9979917671668,18.0
78.02314174043443,8.0
78.04829335783,5.0
78.07344662067669,8.0
78.09860153029886,12.0
78.12375808802238,13.0
78.14891629517443,7.0
78.17407615308348,13.0
78.19923766307937,8.0
78.22440082649341,6.0
78.24956564465813,11.0
78.27473211890747,8.0
78.29990025057673,7.0
78.32507004100256,8.0
78.350241491523,6.0
78.37541460347744,9.0
78.40058937820663,14.0
78.42576581705276,6.0
78.45094392135927,6.0
78.47612369247102,13.0
78.50130513173431,8.0
78.52648824049682,10.0
78.55167302010749,5.0
78.57685947191669,8.0
78.6020475972763,9.0
78.62723739753943,6.0
78.65242887406062,10.0
78.67762202819586,9.0
78.70281686130247,5.0
78.72801337473913,12.0
78.75321156986604,9.0
78.77841144804471,16.0
78.80361301063805,9.0
78.82881625901037,6.0
78.8540211945274,13.0
78.8792278185563,12.0
78.90443613246565,7.0
78.92964613762534,12.0
78.95485783540673,9.0
78.98007122718269,15.0
79.0052863143273,8.0
79.03050309821624,8.0
79.05572158022657,9.0
79.08094176173671,9.0
79.10616364412653,9.0
79.13138722877733,12.0
79.15661251707188,10.0
79.18183951039433,8.0
79.20706821013029,8.0
79.23229861766674,12.0
79.25753073439223,12.0
79.28276456169655,11.0
79.30800010097116,8.0
79.33323735360881,7.0
79.3584763210037,10.0
79.38371700455156,10.0
79.4089594056495,3.0
79.43420352569606,7.0
79.4594493660913,10.0
79.48469692823673,4.0
79.50994621353529,3.0
79.53519722339135,12.0
79.56044995921076,8.0
79.58570442240091,13.0
79.61096061437057,8.0
79.63621853652995,8.0
79.66147819029084,11.0
79.6867395770664,12.0
79.71200269827132,9.0
79.73726755532174,7.0
79.7625341496353,10.0
79.78780248263118,10.0
79.8130725557298,11.0
79.83834437035338,11.0
79.86361792792545,3.0
79.88889322987102,8.0
79.91417027761663,7.0
79.93944907259039,15.0
79.96472961622177,8.0
79.99001190994176,9.0
80.01529595518295,11.0
80.04058175337937,15.0
80.06586930596652,7.0
80.09115861438141,5.0
80.11644968006263,6.0
80.14174250445025,10.0
80.16703708898581,7.0
80.19233343511236,14.0
80.21763154427454,8.0
80.24293141791851,8.0
80.26823305749178,10.0
80.29353646444365,5.0
80.31884164022475,10.0
80.34414858628728,7.0
80.369457304085,8.0
80.39476779507318,14.0
80.42008006070867,8.0
80.4453941024498,7.0
80.47070992175642,8.0
80.49602752009002,7.0
80.52134689891355,8.0
80.54666805969148,8.0
80.57199100388996,9.0
80.59731573297658,6.0
80.62264224842049,5.0
80.64797055169241,4.0
80.67330064426463,10.0
80.698632527611,12.0
80.72396620320691,14.0
80.74930167252934,7.0
80.77463893705684,6.0
80.79997799826943,6.0
80.82531885764884,6.0
80.85066151667833,6.0
80.87600597684272,8.0
80.90135223962834,12.0
80.92670030652322,14.0
80.95205017901694,6.0
80.97740185860053,7.0
81.00275534676683,10.0
81.02811064501016,8.0
81.05346775482637,6.0
81.07882667771301,4.0
81.10418741516912,14.0
81.12954996869547,10.0
81.1549143397943,4.0
81.18028052996954,6.0
81.2056485407267,12.0
81.23101837357292,10.0
81.25639003001685,8.0
81.28176351156887,8.0
81.30713881974097,9.0
81.33251595604666,12.0
81.35789492200115,7.0
81.38327571912124,4.0
81.4086583489254,8.0
81.43404281293367,12.0
81.45942911266773,12.0
81.48481724965093,7.0
81.51020722540822,9.0
81.53559904146618,11.0
81.56099269935305,4.0
81.58638820059869,9.0
81.61178554673468,7.0
81.63718473929409,9.0
81.66258577981176,11.0
81.6879886698242,11.0
81.71339341086949,6.0
81.7388000044874,13.0
81.7642084522194,11.0
81.7896187556085,9.0
81.81503091619952,6.0
81.84044493553887,6.0
81.86586081517463,10.0
81.89127855665653,7.0
81.91669816153605,10.0
81.94211963136627,11.0
81.967542967702,8.0
81.99296817209965,13.0
82.01839524611745,8.0
82.04382419131517,9.0
82.06925500925432,10.0
82.09468770149816,5.0
82.12012226961158,9.0
82.14555871516121,10.0
82.17099703971527,12.0
82.19643724484382,9.0
82.22187933211855,8.0
82.24732330311286,8.0
82.27276915940188,11.0
82.29821690256246,7.0
82.32366653417307,10.0
82.34911805581402,12.0
82.37457146906726,8.0
82.40002677551651,8.0
82.42548397674719,7.0
82.45094307434641,10.0
82.47640406990303,5.0
82.50186696500775,5.0
82.52733176125281,9.0
82.55279846023232,9.0
82.57826706354214,10.0
82.60373757277972,8.0
82.62920998954442,13.0
82.65468431543732,9.0
82.6801605520612,10.0
82.70563870102056,11.0
82.73111876392171,16.0
82.75660074237277,12.0
82.78208463798354,8.0
82.80757045236555,5.0
82.83305818713222,14.0
82.85854784389862,11.0
82.88403942428164,5.0
82.90953292989995,10.0
82.93502836237397,9.0
82.96052572332597,7.0
82.98602501437986,9.0
83.01152623716146,8.0
83.03702939329837,10.0
83.06253448441987,9.0
83.08804151215718,6.0
83.11355047814318,12.0
83.13906138401269,9.0
83.16457423140217,8.0
83.19008902194999,6.0
83.21560575729629,6.0
83.24112443908304,9.0
83.266645068954,9.0
83.29216764855474,10.0
83.3176921795327,7.0
83.34321866353703,6.0
83.3687471022188,11.0
83.39427749723087,11.0
83.41980985022799,9.0
83.44534416286658,9.0
83.47088043680503,11.0
83.49641867370356,13.0
83.52195887522417,13.0
83.5475010430307,11.0
83.57304517878895,10.0
83.5985912841664,11.0
83.62413936083249,6.0
