# Processed xy data with Haverford two-theta converted to LBL scale
two_theta,intensity
5.812336334448366,4.0
5.835590900706661,6.0
5.8588455295808854,6.0
5.882100221322295,4.0
5.905354976182176,3.0
5.928609794411824,5.0
5.951864676262572,6.0
5.97511962198576,5.0
5.99837463183276,5.0
6.02162970605496,8.0
6.044884844903773,9.0
6.0681400486306325,10.0
6.091395317486996,10.0
6.114650651724341,9.0
6.13790605159417,8.0
6.161161517348003,4.0
6.18441704923739,7.0
6.207672647513895,12.0
6.230928312429112,13.0
6.254184044234656,15.0
6.27743984318216,16.0
6.300695709523287,17.0
6.3239516435097185,25.0
6.347207645393159,21.0
6.370463715425341,21.0
6.3937198538580144,20.0
6.416976060942956,23.0
6.440232336931965,20.0
6.4634886820768624,25.0
6.486745096629497,25.0
6.510001580841738,20.0
6.53325813496548,22.0
6.5565147592526385,16.0
6.579771453955157,13.0
6.603028219325004,15.0
6.626285055614165,16.0
6.649541963074657,18.0
6.6727989419585185,15.0
6.696055992517813,14.0
6.719313115004629,17.0
6.742570309671076,13.0
6.7658275767692935,10.0
6.789084916551441,12.0
6.812342329269707,7.0
6.835599815176301,7.0
6.858857374523463,7.0
6.882115007563452,5.0
6.905372714548557,6.0
6.9286304957310865,6.0
6.951888351363382,2.0
6.975146281697805,3.0
6.998404286986744,2.0
7.021662367482616,2.0
7.044920523437857,4.0
7.068178755104935,2.0
7.091437062736341,3.0
7.1146954465845935,3.0
7.137953906902237,5.0
7.161212443941841,2.0
7.184471057955999,2.0
7.207729749197341,2.0
7.230988517918511,5.0
7.254247364372185,4.0
7.277506288811065,3.0
7.30076529148788,3.0
7.324024372655387,5.0
7.347283532566368,5.0
7.370542771473634,3.0
7.393802089630019,3.0
7.417061487288388,1.0
7.440320964701634,1.0
7.4635805221226725,3.0
7.486840159804451,4.0
7.510099877999942,2.0
7.533359676962151,1.0
7.5566195569440975,2.0
7.579879518198843,3.0
7.603139560979473,2.0
7.626399685539099,1.0
7.649659892130859,2.0
7.672920181007921,3.0
7.696180552423485,2.0
7.719441006630773,4.0
7.742701543883038,6.0
7.765962164433562,4.0
7.789222868535657,2.0
7.81248365644266,4.0
7.835744528407938,5.0
7.859005484684887,3.0
7.882266525526933,3.0
7.905527651187532,4.0
7.928788861920164,1.0
7.952050157978344,2.0
7.975311539615614,1.0
7.998573007085543,3.0
8.02183456064173,5.0
8.045096200537811,4.0
8.06835792702744,5.0
8.09161974036431,4.0
8.114881640802139,3.0
8.138143628594674,3.0
8.161405703995696,2.0
8.184667867259016,3.0
8.207930118638469,2.0
8.231192458387925,1.0
8.254454886761287,1.0
8.277717404012483,2.0
8.300980010395474,1.0
8.32424270616425,1.0
8.347505491572837,0.0
8.370768366875284,1.0
8.394031332325673,1.0
8.417294388178124,2.0
8.440557534686778,3.0
8.463820772105814,2.0
8.487084100689438,2.0
8.510347520691889,1.0
8.53361103236744,2.0
8.556874635970393,3.0
8.58013833175508,3.0
8.603402119975868,3.0
8.62666600088715,3.0
8.649929974743358,4.0
8.673194041798952,4.0
8.696458202308426,4.0
8.719722456526304,3.0
8.742986804707142,3.0
8.766251247105531,5.0
8.789515783976091,5.0
8.812780415573481,4.0
8.836045142152381,5.0
8.859309963967515,4.0
8.882574881273634,0.0
8.90583989432552,0.0
8.929105003377993,0.0
8.952370208685906,1.0
8.975635510504143,2.0
8.998900909087617,4.0
9.022166404691278,4.0
9.045431997570116,2.0
9.068697687979142,3.0
9.091963476173413,4.0
9.115229362408005,3.0
9.138495346938043,4.0
9.161761430018675,3.0
9.185027611905088,4.0
9.2082938928525,4.0
9.23156027311617,3.0
9.254826752951379,3.0
9.278093332613453,4.0
9.301360012357751,0.0
9.324626792439659,0.0
9.347893673114605,1.0
9.371160654638048,1.0
9.394427737265485,2.0
9.417694921252442,4.0
9.440962206854483,4.0
9.464229594327216,4.0
9.487497083926264,5.0
9.510764675907303,4.0
9.534032370526038,4.0
9.557300168038212,3.0
9.580568068699591,3.0
9.603836072765995,2.0
9.627104180493268,4.0
9.65037239213729,3.0
9.673640707953984,4.0
9.696909128199298,5.0
9.720177653129229,1.0
9.7434462829998,0.0
9.766715018067071,3.0
9.789983858587142,6.0
9.813252804816148,6.0
9.836521857010267,4.0
9.859791015425694,3.0
9.88306028031868,2.0
9.906329651945507,5.0
9.929599130562494,6.0
9.952868716425995,2.0
9.976138409792394,4.0
9.99940821091813,5.0
10.022678120059663,4.0
10.045948137473498,6.0
10.069218263416177,4.0
10.092488498144272,5.0
10.115758841914406,7.0
10.13902929498323,6.0
10.162299857607428,7.0
10.185570530043737,7.0
10.208841312548918,6.0
10.232112205379778,1.0
10.255383208793155,2.0
10.278654323045938,4.0
10.301925548395035,6.0
10.32519688509741,6.0
10.34846833341006,5.0
10.371739893590012,4.0
10.395011565894338,5.0
10.418283350580161,3.0
10.441555247904622,2.0
10.464827258124908,6.0
10.48809938149825,4.0
10.511371618281917,3.0
10.534643968733214,5.0
10.557916433109481,4.0
10.581189011668108,4.0
10.604461704666518,5.0
10.627734512362176,4.0
10.65100743501258,4.0
10.674280472875276,3.0
10.697553626207851,5.0
10.720826895267923,4.0
10.744100280313154,4.0
10.767373781601245,6.0
10.790647399389943,6.0
10.813921133937027,6.0
10.837194985500323,5.0
10.860468954337696,6.0
10.883743040707044,4.0
10.90701724486632,6.0
10.930291567073505,5.0
10.953566007586625,7.0
10.976840566663748,5.0
11.000115244562984,4.0
11.023390041542479,4.0
11.046664957860425,6.0
11.069939993775053,4.0
11.09321514954464,3.0
11.116490425427497,5.0
11.139765821681978,2.0
11.163041338566483,0.0
11.186316976339457,0.0
11.209592735259374,2.0
11.232868615584756,6.0
11.256144617574174,1.0
11.279420741486225,3.0
11.302696987579575,2.0
11.325973356112902,3.0
11.349249847344945,3.0
11.37252646153448,5.0
11.395803198940328,4.0
11.419080059821349,7.0
11.442357044436445,1.0
11.465634153044565,2.0
11.488911385904702,4.0
11.512188743275887,3.0
11.535466225417197,2.0
11.558743832587748,0.0
11.582021565046707,0.0
11.605299423053278,1.0
11.628577406866714,2.0
11.651855516746306,4.0
11.675133752951389,2.0
11.698412115741345,3.0
11.7216906053756,4.0
11.744969222113623,2.0
11.768247966214924,3.0
11.791526837939063,3.0
11.81480583754564,4.0
11.838084965294295,1.0
11.861364221444722,2.0
11.88464360625666,5.0
11.90792311998988,6.0
11.931202762904206,3.0
11.95448253525951,1.0
11.977762437315706,0.0
12.00104246933275,0.0
12.024322631570639,1.0
12.047602924289434,3.0
12.070883347749223,4.0
12.09416390221014,3.0
12.117444587932372,2.0
12.14072540517615,3.0
12.164006354201756,3.0
12.1872874352695,2.0
12.210568648639759,2.0
12.233849994572935,1.0
12.2571314733295,1.0
12.280413085169949,1.0
12.303694830354837,1.0
12.326976709144764,1.0
12.35025872180037,0.0
12.373540868582348,2.0
12.396823149751432,1.0
12.420105565568411,3.0
12.443388116294111,2.0
12.46667080218941,3.0
12.489953623515236,3.0
12.513236580532558,2.0
12.53651967350239,2.0
12.559802902685805,2.0
12.583086268343914,2.0
12.606369770737873,1.0
12.629653410128896,0.0
12.652937186778235,1.0
12.676221100947195,5.0
12.699505152897125,6.0
12.722789342889424,3.0
12.746073671185545,2.0
12.769358138046975,4.0
12.79264274373526,4.0
12.815927488511997,4.0
12.83921237263882,2.0
12.86249739637742,3.0
12.885782559989533,3.0
12.90906786373694,1.0
12.932353307881483,2.0
12.955638892685041,0.0
12.978924618409549,0.0
13.002210485316985,1.0
13.02549649366938,1.0
13.048782643728815,3.0
13.07206893575742,2.0
13.095355370017367,3.0
13.118641946770891,3.0
13.14192866628027,3.0
13.165215528807824,1.0
13.188502534615935,4.0
13.211789683967028,0.0
13.235076977123583,0.0
13.258364414348119,2.0
13.281651995903221,1.0
13.304939722051515,3.0
13.32822759305568,3.0
13.351515609178437,3.0
13.374803770682572,5.0
13.398092077830908,3.0
13.42138053088633,5.0
13.444669130111777,6.0
13.467957875770214,5.0
13.491246768124684,2.0
13.514535807438268,4.0
13.537824993974109,6.0
13.561114327995382,5.0
13.584403809765332,2.0
13.60769343954725,0.0
13.630983217604475,0.0
13.654273144200399,1.0
13.677563219598468,0.0
13.70085344406218,0.0
13.724143817855081,1.0
13.747434341240776,3.0
13.770725014482913,4.0
13.794015837845201,3.0
13.8173068115914,1.0
13.840597935985315,1.0
13.863889211290813,4.0
13.887180637771806,4.0
13.910472215692266,3.0
13.933763945316214,2.0
13.957055826907721,3.0
13.980347860730916,4.0
14.00364004704998,5.0
14.026932386129145,2.0
14.050224878232704,2.0
14.073517523624988,1.0
14.096810322570402,1.0
14.120103275333387,0.0
14.143396382178445,1.0
14.16668964337013,1.0
14.189983059173056,0.0
14.21327662985189,2.0
14.236570355671335,2.0
14.259864236896174,0.0
14.283158273791232,3.0
14.30645246662139,3.0
14.329746815651578,3.0
14.353041321146794,2.0
14.37633598337207,2.0
14.39963080259252,2.0
14.422925779073289,5.0
14.446220913079586,3.0
14.46951620487668,3.0
14.492811654729895,6.0
14.516107262904596,6.0
14.539403029666214,0.0
14.562698955280242,2.0
14.58599504001221,3.0
14.609291284127732,5.0
14.632587687892448,3.0
14.655884251572072,4.0
14.679180975432365,4.0
14.702477859739153,2.0
14.725774904758307,0.0
14.749072110755767,2.0
14.772369477997517,4.0
14.795667006749616,2.0
14.818964697278153,2.0
14.84226254984929,7.0
14.86556056472925,4.0
14.8888587421843,1.0
14.912157082480775,2.0
14.935455585885057,2.0
14.958754252663597,4.0
14.982053083082898,3.0
15.00535207740951,1.0
15.028651235910058,2.0
15.051950558851214,2.0
15.075250046499713,3.0
15.098549699122337,3.0
15.121849516985941,3.0
15.14514950035743,3.0
15.168449649503765,2.0
15.19174996469197,1.0
15.215050446189128,2.0
15.238351094262374,0.0
15.261651909178907,0.0
15.284952891205979,0.0
15.308254040610906,1.0
15.331555357661067,4.0
15.354856842623887,4.0
15.37815849576686,4.0
15.40146031735754,2.0
15.424762307663531,3.0
15.448064466952497,5.0
15.471366795492177,4.0
15.494669293550357,4.0
15.517971961394876,1.0
15.541274799293646,2.0
15.56457780751464,4.0
15.58788098632587,3.0
15.611184335995434,5.0
15.634487856791477,3.0
15.657791548982198,4.0
15.681095412835871,3.0
15.704399448620821,2.0
15.727703656605435,3.0
15.751008037058167,10.0
15.774312590247524,6.0
15.797617316442068,2.0
15.82092221591044,2.0
15.844227288921324,2.0
15.86753253574348,2.0
15.890837956645717,3.0
15.914143551896908,3.0
15.937449321766,5.0
15.960755266521977,2.0
15.984061386433915,4.0
16.007367681770916,5.0
16.030674152802188,4.0
16.053980799796953,5.0
16.077287623024528,4.0
16.10059462275428,2.0
16.12390179925565,2.0
16.14720915279812,2.0
16.170516683651254,1.0
16.193824392084665,4.0
16.21713227836803,3.0
16.24044034277111,5.0
16.26374858556369,9.0
16.287057007015655,3.0
16.310365607396935,5.0
16.333674386977524,5.0
16.356983346027484,5.0
16.380292484816938,2.0
16.40360180361606,2.0
16.42691130269511,5.0
16.4502209823244,2.0
16.47353084277431,3.0
16.496840884315276,2.0
16.520151107217796,2.0
16.543461511752447,3.0
16.566772098189862,3.0
16.59008286680074,3.0
16.61339381785583,4.0
16.63670495162597,2.0
16.660016268382044,2.0
16.683327768395007,1.0
16.70663945193588,1.0
16.72995131927576,1.0
16.753263370685772,3.0
16.77657560643714,4.0
16.79988802680115,2.0
16.82320063204914,1.0
16.84651342245253,5.0
16.86982639828279,5.0
16.893139559811452,5.0
16.916452907310134,8.0
16.93976644105051,4.0
16.963080161304312,1.0
16.98639406834335,1.0
17.009708162439487,3.0
17.033022443864674,3.0
17.05633691289089,3.0
17.079651569790236,2.0
17.102966414834825,4.0
17.126281448296872,5.0
17.149596670448634,6.0
17.172912081562462,5.0
17.196227681910745,4.0
17.219543471765967,4.0
17.242859451400655,2.0
17.26617562108742,2.0
17.28949198109893,0.0
17.312808531707923,1.0
17.336125273187214,4.0
17.35944220580967,4.0
17.38275932984823,3.0
17.40607664557592,3.0
17.4293941532658,4.0
17.452711853191023,3.0
17.47602974562481,4.0
17.49934783084044,4.0
17.52266610911126,4.0
17.54598458071069,4.0
17.56930324591222,3.0
17.59262210498941,3.0
17.61594115821588,5.0
17.639260405865333,7.0
17.662579848211518,6.0
17.68589948552828,3.0
17.70921931808952,3.0
17.732539346169208,6.0
17.755859570041373,7.0
17.779179989980143,2.0
17.8025006062597,3.0
17.825821419154273,3.0
17.849142428938194,4.0
17.872463635885847,4.0
17.895785040271708,2.0
17.919106642370284,3.0
17.94242844245619,3.0
17.96575044080409,2.0
17.98907263768873,3.0
18.012395033384912,3.0
18.03571762816752,2.0
18.05904042231152,4.0
18.08236341609193,2.0
18.105686609783834,7.0
18.129010003662405,5.0
18.152333598002883,2.0
18.175657393080574,0.0
18.19898138917086,1.0
18.22230558654919,1.0
18.24562998549109,2.0
18.268954586272148,2.0
18.29227938916804,5.0
18.3156043944545,2.0
18.33892960240734,4.0
18.362255013302438,5.0
18.38558062741576,5.0
18.40890644502333,2.0
18.432232466401246,5.0
18.455558691825676,4.0
18.478885121572876,4.0
18.502211755919152,5.0
18.525538595140908,6.0
18.548865639514602,6.0
18.572192889316778,4.0
18.59552034482404,4.0
18.61884800631307,2.0
18.642175874060634,3.0
18.66550394834356,4.0
18.68883222943875,3.0
18.712160717623178,4.0
18.735489413173912,4.0
18.758818316368075,5.0
18.782147427482855,4.0
18.80547674679554,2.0
18.82880627458347,4.0
18.852136011124085,5.0
18.875465956694857,6.0
18.89879611157339,8.0
18.92212647603731,7.0
18.945457050364347,11.0
18.9687878348323,10.0
18.992118829719036,11.0
19.015450035302507,11.0
19.03878145186074,7.0
19.062113079671832,10.0
19.08544491901395,12.0
19.108776970165355,7.0
19.132109233404364,10.0
19.15544170900938,11.0
19.178774397258888,5.0
19.202107298431436,10.0
19.22544041280565,17.0
19.24877374066024,15.0
19.272107282273996,21.0
19.295441037925762,23.0
19.318775007894487,26.0
19.34210919245918,25.0
19.365443591898924,31.0
19.388778206492894,33.0
19.412113036520317,41.0
19.435448082260532,29.0
19.458783343992938,28.0
19.482118821996995,29.0
19.505454516552266,30.0
19.52879042793838,26.0
19.55212655643504,20.0
19.575462902322034,17.0
19.598799465879225,17.0
19.62213624738656,10.0
19.645473247124063,16.0
19.66881046537181,10.0
19.692147902410003,8.0
19.715485558518886,14.0
19.73882343397879,11.0
19.762161529070127,12.0
19.7854998440734,13.0
19.80883837926917,10.0
19.832177134938085,15.0
19.855516111360874,16.0
19.878855308818352,12.0
19.902194727591404,13.0
19.925534367960985,10.0
19.948874230208155,10.0
19.972214314614035,14.0
19.995554621459824,6.0
20.01889515102682,6.0
20.042235903596385,4.0
20.065576879449956,8.0
20.088918078869074,6.0
20.112259502135327,4.0
20.135601149530416,7.0
20.15894302133611,5.0
20.18228511783425,5.0
20.20562743930676,9.0
20.22896998603567,7.0
20.252312758303052,3.0
20.27565575639109,3.0
20.29899898058203,5.0
20.32234243115821,4.0
20.345686108402045,5.0
20.369030012596035,6.0
20.39237414402276,2.0
20.415718502964886,2.0
20.439063089705147,6.0
20.462407904526376,7.0
20.48575294771149,5.0
20.509098219543453,2.0
20.532443720305356,2.0
20.555789450280354,1.0
20.57913540975168,5.0
20.602481599002655,7.0
20.625828018316682,6.0
20.64917466797726,5.0
20.67252154826794,6.0
20.695868659472385,6.0
20.71921600187433,12.0
20.742563575757593,9.0
20.76591138140607,13.0
20.789259419103754,8.0
20.812607689134722,9.0
20.835956191783122,13.0
20.859304927333195,12.0
20.88265389606926,10.0
20.90600309827572,14.0
20.929352534237076,8.0
20.952702204237895,26.0
20.97605210856284,35.0
20.999402247496654,33.0
21.022752621324166,46.0
21.0461032303303,42.0
21.069454074800053,32.0
21.092805155018485,51.0
21.116156471270802,38.0
21.139508023842236,46.0
21.162859813018137,36.0
21.18621183908392,44.0
21.209564102325114,47.0
21.232916603027302,37.0
21.256269341476187,32.0
21.27962231795751,28.0
21.30297553275715,30.0
21.32632898616104,18.0
21.34968267845521,22.0
21.37303660992578,19.0
21.396390780858948,17.0
21.419745191541,15.0
21.443099842258313,18.0
21.466454733297347,24.0
21.48980986494466,25.0
21.513165237486888,23.0
21.53652085121074,30.0
21.559876706403045,27.0
21.583232803350697,35.0
21.606589142340678,33.0
21.629945723660065,31.0
21.653302547596024,24.0
21.6766596144358,21.0
21.700016924466734,30.0
21.723374477976257,25.0
21.74673227525188,29.0
21.77009031658121,28.0
21.79344860225193,25.0
21.816807132551837,23.0
21.840165907768792,19.0
21.86352492819076,16.0
21.88688419410577,12.0
21.910243705801978,16.0
21.933603463567614,16.0
21.956963467690976,18.0
21.98032371846049,17.0
22.00368421616463,14.0
22.027044961092002,16.0
22.050405953531264,15.0
22.073767193771193,12.0
22.097128682100635,14.0
22.12049041880854,13.0
22.143852404183946,16.0
22.16721463851598,9.0
22.19057712209385,16.0
22.21393985520687,13.0
22.237302838144448,15.0
22.260666071196052,21.0
22.284029554651283,16.0
22.3073932887998,17.0
22.330757273931365,20.0
22.354121510335847,15.0
22.377485998303182,13.0
22.400850738123403,14.0
22.424215730086654,19.0
22.44758097448314,18.0
22.47094647160319,16.0
22.494312221737196,17.0
22.51767822517567,8.0
22.54104448220919,17.0
22.56441099312844,12.0
22.587777758224203,14.0
22.61114477778735,12.0
22.634512052108835,13.0
22.65787958147971,11.0
22.681247366191126,22.0
22.704615406534327,16.0
22.727983702800636,14.0
22.751352255281496,20.0
22.774721064268416,19.0
22.798090130053023,17.0
22.821459452927012,14.0
22.844829033182197,14.0
22.868198871110458,6.0
22.891568967003803,10.0
22.91493932115431,12.0
22.938309933854164,16.0
22.96168080539563,10.0
22.985051936071088,10.0
23.008423326172995,12.0
23.031794975993904,16.0
23.055166885826477,5.0
23.07853905596346,14.0
23.101911486697702,8.0
23.125284178322136,10.0
23.148657131129802,9.0
23.17203034541383,11.0
23.195403821467444,11.0
23.21877755958397,9.0
23.24215156005682,9.0
23.265525823179512,8.0
23.28890034924566,5.0
23.31227513854897,5.0
23.33565019138324,5.0
23.359025508042382,7.0
23.38240108882038,6.0
23.40577693401135,6.0
23.42915304390946,3.0
23.452529418808997,4.0
23.47590605900436,7.0
23.499282964790027,10.0
23.522660136460587,5.0
23.5460375743107,6.0
23.56941527863515,10.0
23.59279324972882,4.0
23.61617148788667,5.0
23.639549993403776,7.0
23.6629287665753,7.0
23.686307807696515,7.0
23.709687117062778,5.0
23.73306669496955,8.0
23.756446541712414,8.0
23.77982665758701,7.0
23.803207042889106,3.0
23.82658769791456,8.0
23.849968622959327,5.0
23.873349818319465,8.0
23.896731284291135,8.0
23.9201130211706,3.0
23.9434950292542,5.0
23.966877308838402,6.0
23.990259860219766,8.0
24.013642683694936,11.0
24.03702577956068,9.0
24.06040914811384,8.0
24.08379278965139,10.0
24.107176704470376,5.0
24.13056089286797,9.0
24.153945355141417,12.0
24.17733009158809,4.0
24.200715102505445,4.0
24.22410038819104,4.0
24.24748594894254,12.0
24.27087178505772,8.0
24.29425789683444,6.0
24.31764428457067,5.0
24.341030948564477,6.0
24.364417889114048,5.0
24.38780510651765,4.0
24.41119260107365,9.0
24.43458037308054,9.0
24.457968422836895,8.0
24.481356750641403,9.0
24.504745356792853,6.0
24.528134241590134,7.0
24.55152340533224,10.0
24.57491284831827,9.0
24.598302570847416,9.0
24.621692573218983,6.0
24.64508285573238,6.0
24.66847341868711,10.0
24.691864262382804,6.0
24.715255387119164,9.0
24.73864679319602,9.0
24.76203848091329,10.0
24.78543045057102,15.0
24.808822702469328,13.0
24.832215236908453,15.0
24.855608054188753,6.0
24.879001154610666,8.0
24.90239453847475,15.0
24.925788206081652,13.0
24.94918215773216,8.0
24.97257639372712,14.0
24.995970914367515,15.0
25.019365719954422,10.0
25.04276081078903,12.0
25.066156187172634,17.0
25.08955184940662,18.0
25.11294779779251,16.0
25.1363440326319,20.0
25.159740554226502,19.0
25.183137362878153,31.0
25.206534458888775,29.0
25.229931842560394,25.0
25.253329514195162,24.0
25.276727474095328,30.0
25.300125722563255,28.0
25.323524259901397,28.0
25.346923086412335,32.0
25.370322202398732,32.0
25.39372160816339,30.0
25.417121304009196,33.0
25.44052129023915,35.0
25.463921567156373,43.0
25.487322135064076,27.0
25.51072299426558,46.0
25.534124145064325,33.0
25.557525587763863,30.0
25.58092732266783,45.0
25.60432935008,49.0
25.62773167030423,43.0
25.651134283644517,39.0
25.674537190404934,41.0
25.697940390889684,55.0
25.721343885403073,57.0
25.74474767424953,62.0
25.768151757733552,82.0
25.791556136159798,74.0
25.814960809833018,84.0
25.838365779058044,102.0
25.861771044139868,112.0
25.885176605383553,174.0
25.90858246309429,142.0
25.931988617577385,168.0
25.95539506913823,180.0
25.978801818082353,181.0
26.00220886471539,172.0
26.025616209343077,189.0
26.04902385227127,185.0
26.07243179380593,180.0
26.095840034253136,175.0
26.11924857391908,127.0
26.142657413110054,124.0
26.16606655213248,100.0
26.18947599129287,93.0
26.212885730897863,67.0
26.236295771254216,72.0
26.259706112668795,63.0
26.28311675544855,51.0
26.306527699900577,55.0
26.3299389463321,48.0
26.353350495050403,56.0
26.376762346362913,68.0
26.400174500577183,75.0
26.423586958000858,72.0
26.446999718941704,84.0
26.4704127837076,81.0
26.493826152606555,67.0
26.517239825946653,65.0
26.540653804036133,81.0
26.564068087183323,84.0
26.587482675696677,78.0
26.610897569884756,70.0
26.63431277005624,78.0
26.657728276519933,69.0
26.681144089584734,59.0
26.704560209559673,54.0
26.727976636753894,46.0
26.751393371476638,49.0
26.77481041403729,48.0
26.79822776474533,40.0
26.821645423910354,39.0
26.845063391842093,44.0
26.868481668850382,31.0
26.89190025524515,32.0
26.915319151336487,42.0
26.938738357434566,37.0
26.96215787384969,42.0
26.985577700892275,38.0
27.00899783887284,38.0
27.03241828810206,42.0
27.055839048890682,36.0
27.0792601215496,42.0
27.102681506389825,40.0
27.126103203722458,36.0
27.149525213858734,45.0
27.17294753711003,33.0
27.196370173787805,35.0
27.21979312420365,32.0
27.243216388669282,33.0
27.26663996749652,31.0
27.29006386099732,32.0
27.31348806948374,29.0
27.336912593267964,28.0
27.360337432662288,20.0
27.383762587979152,18.0
27.40718805953108,18.0
27.430613847630735,17.0
27.454039952590907,21.0
27.477466374724496,19.0
27.500893114344507,15.0
27.52432017176408,12.0
27.547747547296495,13.0
27.57117524125511,20.0
27.59460325395343,20.0
27.618031585705076,20.0
27.6414602368238,21.0
27.664889207623443,12.0
27.688318498418006,10.0
27.711748109521587,15.0
27.7351780412484,18.0
27.758608293912797,29.0
27.782038867829254,25.0
27.805469763312352,22.0
27.828900980676803,22.0
27.85233252023744,27.0
27.875764382309228,29.0
27.89919656720722,37.0
27.922629075246633,28.0
27.94606190674279,33.0
27.969495062011124,29.0
27.992928541367217,35.0
28.01636234512674,34.0
28.039796473605517,26.0
28.063230927119488,23.0
28.086665705984707,22.0
28.110100810517352,28.0
28.13353624103373,27.0
28.156971997850288,17.0
28.18040808128356,20.0
28.203844491650226,22.0
28.2272812292671,29.0
28.250718294451097,33.0
28.27415568751928,36.0
28.297593408788806,33.0
28.321031458576996,42.0
28.344469837201263,39.0
28.367908544979148,43.0
28.39134758222834,45.0
28.414786949266652,38.0
28.438226646411984,26.0
28.461666673982403,27.0
28.485107032296078,31.0
28.508547721671313,41.0
28.531988742426545,40.0
28.555430094880315,40.0
28.578871779351328,30.0
28.60231379615837,33.0
28.625756145620386,26.0
28.649198828056434,30.0
28.67264184378571,26.0
28.696085193127516,24.0
28.7195288764013,17.0
28.742972893926645,24.0
28.766417246023234,29.0
28.789861933010897,24.0
28.813306955209583,36.0
28.836752312939375,37.0
28.860198006520484,34.0
28.88364403627325,31.0
28.907090402518136,32.0
28.930537105575727,37.0
28.95398414576675,31.0
28.977431523412065,30.0
29.000879238832646,19.0
29.0243272923496,21.0
29.047775684284176,28.0
29.07122441495773,28.0
29.094673484691768,27.0
29.11812289380791,28.0
29.14157264262792,30.0
29.165022731473677,28.0
29.18847316066721,22.0
29.211923930530652,24.0
29.235375041386288,28.0
29.258826493556544,30.0
29.282278287363933,22.0
29.305730423131138,18.0
29.329182901180946,19.0
29.35263572183631,25.0
29.37608888542028,24.0
29.399542392256066,27.0
29.422996242666965,31.0
29.44645043697648,25.0
29.46990497550815,25.0
29.49335985858574,28.0
29.516815086533075,24.0
29.540270659674167,26.0
29.563726578333114,22.0
29.58718284283418,24.0
29.610639453501754,15.0
29.63409641066035,25.0
29.657553714634606,23.0
29.681011365749317,27.0
29.704469364329405,27.0
29.72792771069992,14.0
29.75138640518604,14.0
29.77484544811308,17.0
29.798304839806516,21.0
29.82176458059192,18.0
29.845224670795,19.0
29.868685110741644,24.0
29.892145900757814,13.0
29.915607041169643,14.0
29.939068532303402,15.0
29.962530374485475,15.0
29.985992568042395,15.0
30.009455113300827,20.0
30.032918010587572,13.0
30.05638126022958,13.0
30.079844862553912,10.0
30.103308817887765,15.0
30.126773126558508,13.0
30.150237788893612,11.0
30.173702805220685,12.0
30.197168175867507,11.0
30.220633901161953,12.0
30.24409998143204,16.0
30.26756641700596,17.0
30.291033208211985,11.0
30.31450035537858,10.0
30.33796785883431,15.0
30.361435718907906,14.0
30.38490393592819,12.0
30.408372510224183,13.0
30.43184144212501,11.0
30.455310731959916,6.0
30.478780380058332,13.0
30.50225038674979,10.0
30.52572075236397,10.0
30.549191477230707,13.0
30.57266256167996,15.0
30.59613400604181,10.0
30.61960581064652,11.0
30.64307797582446,8.0
30.666550501906155,13.0
30.690023389222258,11.0
30.713496638103564,9.0
30.736970248881025,12.0
30.760444221885713,15.0
30.783918557448843,13.0
30.807393255901797,13.0
30.830868317576044,16.0
30.85434374280325,11.0
30.877819531915193,11.0
30.901295685243788,12.0
30.92477220312112,14.0
30.948249085879382,9.0
30.971726333850928,8.0
30.995203947368257,13.0
31.018681926763993,14.0
31.042160272370918,15.0
31.065638984521936,14.0
31.089118063550128,11.0
31.11259750978868,13.0
31.136077323570948,11.0
31.159557505230424,10.0
31.183038055100738,14.0
31.20651897351567,13.0
31.230000260809113,6.0
31.253481917315167,9.0
31.27696394336802,16.0
31.300446339302017,20.0
31.323929105451665,16.0
31.347412242151602,13.0
31.370895749736608,13.0
31.39437962854161,9.0
31.417863878901688,11.0
31.441348501152046,12.0
31.464833495628056,17.0
31.48831886266523,9.0
31.51180460259922,14.0
31.53529071576583,14.0
31.55877720250098,10.0
31.582264063140787,16.0
31.60575129802149,21.0
31.629238907479447,15.0
31.652726891851213,19.0
31.676215251473447,16.0
31.699703986682987,28.0
31.723193097816793,34.0
31.74668258521197,22.0
31.770172449205813,16.0
31.793662690135715,26.0
31.817153308339226,24.0
31.840644304154065,21.0
31.864135677918085,31.0
31.887627429969285,38.0
31.91111956064581,30.0
31.934612070285972,36.0
31.958104959228212,51.0
31.98159822781114,50.0
32.00509187637347,62.0
32.02858590525411,59.0
32.05208031479212,60.0
32.07557510532668,67.0
32.09907027719711,62.0
32.12256583074294,59.0
32.146061766303795,50.0
32.16955808421945,49.0
32.193054784829876,39.0
32.21655186847514,46.0
32.24004933549549,46.0
32.263547186231335,36.0
32.287045421023194,38.0
32.31054404021178,29.0
32.33404304413793,33.0
32.35754243314264,37.0
32.381042207567084,35.0
32.40454236775252,30.0
32.428042914040425,31.0
32.451543846772395,38.0
32.475045166290194,40.0
32.49854687293572,31.0
32.52204896705104,44.0
32.545551448978365,48.0
32.56905431906008,42.0
32.59255757763868,45.0
32.61606122505683,47.0
32.63956526165739,34.0
32.66306968778332,53.0
32.686574503777734,58.0
32.71007970998396,47.0
32.733585306745404,36.0
32.757091294405676,46.0
32.78059767330853,41.0
32.80410444379785,36.0
32.827611606217715,36.0
32.85111916091232,29.0
32.87462710822605,23.0
32.89813544850341,26.0
32.9216441820891,27.0
32.94515330932794,24.0
32.96866283056493,27.0
32.99217274614521,18.0
33.015683056414076,16.0
33.039193761716994,13.0
33.06270486239956,15.0
33.08621635880758,11.0
33.10972825128695,17.0
33.13324054018376,14.0
33.156753225844284,14.0
33.18026630861486,17.0
33.2037797888421,15.0
33.22729366687269,12.0
33.2508079430535,9.0
33.27432261773158,12.0
33.29783769125408,15.0
33.32135316396838,14.0
33.34486903622198,17.0
33.368385308362534,15.0
33.391901980737856,10.0
33.41541905369593,12.0
33.4389365275849,12.0
33.46245440275307,16.0
33.4859726795489,10.0
33.509491358321,12.0
33.533010439418135,12.0
33.55652992318927,12.0
33.580049809983464,10.0
33.60357010015002,12.0
33.627090794038324,9.0
33.65061189199797,12.0
33.67413339437869,9.0
33.697655301530396,12.0
33.721177613803135,12.0
33.74470033154716,14.0
33.76822345511282,17.0
33.791746984850676,11.0
33.81527092111144,15.0
33.83879526424599,18.0
33.86232001460534,15.0
33.88584517254069,13.0
33.90937073840341,5.0
33.93289671254501,13.0
33.95642309531719,10.0
33.97994988707178,10.0
34.00347708816079,8.0
34.02700469893641,10.0
34.05053271975096,9.0
34.07406115095697,12.0
34.09758999290706,9.0
34.1211192459541,6.0
34.14464891045104,10.0
34.1681789867511,8.0
34.19170947520755,10.0
34.21524037617391,7.0
34.23877169000381,5.0
34.262303417051086,13.0
34.28583555766972,12.0
34.309368112213846,9.0
34.332901081037804,4.0
34.35643446449606,12.0
34.37996826294325,7.0
34.40350247673421,12.0
34.42703710622393,8.0
34.45057215176752,11.0
34.47410761372032,11.0
34.4976434924378,11.0
34.52117978827562,11.0
34.54471650158959,12.0
34.56825363273568,9.0
34.59179118207007,11.0
34.61532914994906,7.0
34.63886753672914,7.0
34.662406342766964,8.0
34.685945568419356,7.0
34.709485214043326,11.0
34.73302527999601,8.0
34.75656576663475,6.0
34.78010667431705,6.0
34.80364800340058,7.0
34.82718975424317,12.0
34.85073192720283,13.0
34.87427452263775,10.0
34.89781754090627,12.0
34.92136098236691,6.0
34.944904847378375,6.0
34.968449136299505,7.0
34.99199384948934,8.0
35.01553898730708,10.0
35.0390845501121,9.0
35.06263053826395,10.0
35.086176952122344,10.0
35.10972379204716,11.0
35.13327105839849,14.0
35.15681875153653,15.0
35.18036687182171,11.0
35.2039154196146,13.0
35.22746439527595,9.0
35.251013799166685,12.0
35.274563631647894,13.0
35.29811389308087,15.0
35.32166458382703,12.0
35.345215704248005,10.0
35.36876725470559,15.0
35.39231923556174,19.0
35.41587164717859,14.0
35.43942448991848,10.0
35.462977764143865,11.0
35.486531470217436,14.0
35.51008560850202,14.0
35.53364017936063,11.0
35.55719518315645,11.0
35.580750620252836,7.0
35.60430649101336,9.0
35.62786279580171,14.0
35.65141953498181,14.0
35.67497670891769,15.0
35.698534317973625,13.0
35.722092362514005,14.0
35.74565084290346,11.0
35.76920975950675,9.0
35.79276911268883,12.0
35.816328902814824,14.0
35.83988913025006,14.0
35.863449795360005,9.0
35.88701089851032,13.0
35.91057244006687,17.0
35.934134420395665,12.0
35.95769683986289,16.0
35.98125969883494,7.0
36.00482299767837,7.0
36.0283867367599,11.0
36.05195091644646,9.0
36.07551553710513,7.0
36.09908059910324,10.0
36.122646102808176,9.0
36.146212048587586,3.0
36.1697784368093,8.0
36.193345267841316,10.0
36.216912542051816,11.0
36.24048025980913,12.0
36.26404842148184,13.0
36.287617027438614,14.0
36.31118607804839,10.0
36.33475557368024,9.0
36.35832551470342,7.0
36.38189590148738,9.0
36.405466734401756,10.0
36.42903801381637,11.0
36.45260974010119,9.0
36.476181913626405,7.0
36.49975453476239,5.0
36.52332760387966,9.0
36.54690112134896,5.0
36.5704750875412,5.0
36.59404950282747,10.0
36.61762436757905,14.0
36.6411996821674,11.0
36.66477544696415,12.0
36.68835166234118,10.0
36.71192832867045,11.0
36.73550544632421,11.0
36.75908301567481,10.0
36.78266103709483,12.0
36.80623951095704,12.0
36.82981843763438,12.0
36.853397817499975,12.0
36.87697765092715,14.0
36.90055793828939,9.0
36.92413867996038,10.0
36.94771987631403,9.0
36.971301527724364,10.0
36.99488363456565,8.0
37.01846619721232,13.0
37.04204921603902,13.0
37.06563269142052,9.0
37.08921662373185,19.0
37.1128010133482,15.0
37.13638586064492,14.0
37.159971165997604,10.0
37.183556929782014,12.0
37.20714315237406,6.0
37.2307298341499,6.0
37.25431697548583,10.0
37.27790457675839,10.0
37.301492638344264,7.0
37.32508116062035,9.0
37.34867014396372,13.0
37.37225958875167,16.0
37.395849495361645,18.0
37.41943986417129,18.0
37.44303069555847,22.0
37.466621989901206,22.0
37.490213747577734,26.0
37.513805968966466,25.0
37.53739865444601,18.0
37.560991804395194,22.0
37.584585419192976,26.0
37.608179499218565,34.0
37.631774044851326,35.0
37.65536905647087,30.0
37.6789645344569,32.0
37.70256047918943,29.0
37.72615689104858,30.0
37.74975377041472,26.0
37.7733511176684,24.0
37.7969489331903,22.0
37.82054721736141,17.0
37.84414597056281,18.0
37.867745193175836,18.0
37.891344885581994,12.0
37.91494504816301,13.0
37.938545681300766,20.0
37.962146785377385,19.0
37.985748360775126,20.0
38.0093504078765,21.0
38.032952927064215,21.0
38.05655591872111,23.0
38.08015938323031,20.0
38.10376332097505,17.0
38.12736773233883,9.0
38.15097261770532,11.0
38.174577977458384,13.0
38.19818381198208,15.0
38.221790121660675,15.0
38.24539690687863,9.0
38.26900416802061,7.0
38.29261190547148,9.0
38.31622011961628,12.0
38.33982881084029,14.0
38.363437979528946,15.0
38.38704762606789,13.0
38.410657750843015,9.0
38.434268354240345,7.0
38.457879436646145,9.0
38.481490998446866,9.0
38.50510304002917,8.0
38.52871556177989,10.0
38.55232856408612,12.0
38.57594204733506,16.0
38.59955601191422,15.0
38.62317045821125,13.0
38.646785386613985,9.0
38.67040079751053,10.0
38.69401669128911,10.0
38.71763306833821,10.0
38.7412499290465,10.0
38.76486727380284,17.0
38.788485102996326,13.0
38.812103417016225,14.0
38.83572221625203,14.0
38.85934150109342,16.0
38.88296127193028,11.0
38.906581529152696,16.0
38.930202273151004,18.0
38.95382350431566,25.0
38.97744522303739,20.0
39.00106742970712,22.0
39.02469012471593,25.0
39.0483133084552,22.0
39.071936981316405,17.0
39.09556114369129,21.0
39.119185795971816,17.0
39.14281093855013,15.0
39.166436571818544,16.0
39.190062696169655,19.0
39.213689311996234,19.0
39.23731641969121,21.0
39.260944019647816,20.0
39.28457211225939,19.0
39.30820069791958,17.0
39.33182977702215,19.0
39.355459349961116,22.0
39.37908941713072,21.0
39.402719978925376,23.0
39.42635103573972,21.0
39.44998258796859,20.0
39.47361463600708,17.0
39.4972471802504,20.0
39.52088022109407,16.0
39.54451375893376,17.0
39.568147794165355,19.0
39.59178232718497,15.0
39.61541735838893,17.0
39.639052888173765,19.0
39.66268891693619,18.0
39.686325445073166,20.0
39.70996247298184,18.0
39.733600001059635,22.0
39.757238029704084,19.0
39.78087655931299,21.0
39.804515590284396,17.0
39.82815512301647,18.0
39.8517951579077,20.0
39.8754356953567,20.0
39.899076735762364,15.0
39.92271827952374,18.0
39.94636032704011,21.0
39.97000287871102,18.0
39.993645934936126,21.0
40.017289496115396,19.0
40.04093356264897,18.0
40.06457813493722,17.0
40.08822321338071,25.0
40.11186879838023,25.0
40.13551489033677,28.0
40.159161489651595,22.0
40.18280859672612,26.0
40.206456211961985,19.0
40.230104335761105,21.0
40.25375296852552,24.0
40.277402110657555,22.0
40.30105176255974,24.0
40.32470192463481,28.0
40.34835259728572,27.0
40.37200378091564,18.0
40.39565547592798,15.0
40.419307682726334,20.0
40.44296040171455,24.0
40.466613633296646,19.0
40.49026737787694,22.0
40.513921635859866,22.0
40.537576407650164,21.0
40.56123169365277,19.0
40.58488749427279,17.0
40.60854380991564,14.0
40.63220064098686,11.0
40.65585798789229,14.0
40.67951585103795,9.0
40.70317423083009,13.0
40.726833127675164,16.0
40.75049254197991,13.0
40.7741524741512,17.0
40.797812924596165,12.0
40.8214738937222,12.0
40.84513538193687,17.0
40.86879738964799,18.0
40.89245991726357,12.0
40.91612296519187,13.0
40.939786533841364,14.0
40.96345062362074,14.0
40.98711523493893,15.0
41.01078036820509,11.0
41.03444602382857,12.0
41.058112202218965,10.0
41.081778903786116,16.0
41.105446128940045,14.0
41.12911387809105,9.0
41.1527821516496,8.0
41.17645095002642,12.0
41.20012027363249,15.0
41.223790122878945,13.0
41.24746049817719,14.0
41.27113139993888,13.0
41.29480282857587,9.0
41.3184747845002,8.0
41.3421472681242,14.0
41.36582027986043,12.0
41.38949382012163,14.0
41.4131678893208,14.0
41.43684248787117,12.0
41.460517616186195,9.0
41.484193274679534,13.0
41.507869463765104,12.0
41.53154618385706,15.0
41.55522343536973,15.0
41.57890121871777,10.0
41.60257953431597,9.0
41.626258382579394,14.0
41.64993776392332,18.0
41.67361767876331,17.0
41.697298127515054,10.0
41.720979110594605,6.0
41.74466062841813,13.0
41.76834268140207,18.0
41.79202526996315,16.0
41.81570839451822,12.0
41.839392055484474,10.0
41.863076253279274,15.0
41.88676098832022,11.0
41.91044626102517,8.0
41.93413207181217,13.0
41.95781842109958,8.0
41.98150530930591,13.0
42.005192736849935,12.0
42.02888070415069,9.0
42.05256921162741,13.0
42.07625825969958,9.0
42.09994784878692,6.0
42.12363797930941,9.0
42.14732865168719,11.0
42.171019866340735,9.0
42.19471162369066,10.0
42.2184039241579,12.0
42.242096768163584,10.0
42.26579015612909,11.0
42.289484088476016,13.0
42.31317856562622,15.0
42.336873588001794,17.0
42.36056915602503,12.0
42.38426527011853,10.0
42.40796193070507,9.0
42.43165913820771,8.0
42.45535689304971,8.0
42.47905519565461,15.0
42.50275404644614,13.0
42.52645344584833,18.0
42.55015339428539,15.0
42.57385389218182,13.0
42.597554939962336,15.0
42.62125653805189,17.0
42.64495868687568,11.0
42.66866138685914,12.0
42.69236463842799,13.0
42.716068442008144,17.0
42.73977279802575,17.0
42.76347770690723,18.0
42.787183169079235,15.0
42.81088918496867,15.0
42.834595755002674,13.0
42.858302879608615,17.0
42.882010559214145,18.0
42.90571879424713,21.0
42.92942758513565,21.0
42.953136932308105,19.0
42.97684683619309,23.0
43.00055729721944,27.0
43.024268315816265,27.0
43.0479798924129,26.0
43.07169202743892,25.0
43.09540472132418,28.0
43.119117974498735,34.0
43.14283178739292,34.0
43.16654616043733,30.0
43.19026109406273,27.0
43.21397658870022,23.0
43.23769264478112,26.0
43.26140926273698,27.0
43.285126442999626,26.0
43.308844186001075,25.0
43.33256249217366,29.0
43.35628136194995,29.0
43.38000079576273,26.0
43.403720794045064,29.0
43.42744135723025,28.0
43.451162485751844,27.0
43.474884180043645,24.0
43.498606440539724,27.0
43.522329267674365,27.0
43.54605266188213,24.0
43.56977662359783,16.0
43.59350115325655,16.0
43.617226251293545,20.0
43.64095191814442,19.0
43.664678154244996,17.0
43.688404960031306,19.0
43.71213233593969,16.0
43.735860282406726,12.0
43.75958879986924,14.0
43.783317888764316,15.0
43.80704754952927,16.0
43.83077778260173,13.0
43.85450858841948,13.0
43.8782399674207,14.0
43.901971920043664,11.0
43.92570444672704,17.0
43.94943754790965,15.0
43.97317122403063,14.0
43.996905475529374,11.0
44.02064030284551,12.0
44.0443757064189,10.0
44.06811168668971,13.0
44.09184824409836,12.0
44.11558537908549,12.0
44.13932309209202,21.0
44.163061383559125,15.0
44.186800253928254,13.0
44.2105397036411,12.0
44.234279733139594,11.0
44.258020342866004,12.0
44.281761533262724,11.0
44.305503304772536,9.0
44.32924565783843,9.0
44.35298859290362,12.0
44.376732110411666,17.0
44.40047621080632,18.0
44.42422089453161,14.0
44.44796616203182,10.0
44.47171201375155,8.0
44.49545845013557,7.0
44.51920547162898,6.0
44.542953078677144,5.0
44.56670127172563,11.0
44.59045005122032,9.0
44.61419941760736,10.0
44.63794937133315,9.0
44.66169991284432,12.0
44.685451042587815,13.0
44.70920276101082,12.0
44.732955068560784,10.0
44.75670796568543,8.0
44.78046145283274,12.0
44.804215530450946,15.0
44.82797019898858,12.0
44.851725458894435,11.0
44.87548131061754,11.0
44.899237754607185,8.0
44.922994791313,10.0
44.9467524211848,10.0
44.97051064467271,9.0
44.99426946222709,11.0
45.018028874298615,8.0
45.04178888133822,8.0
45.065549483797064,14.0
45.0893106821266,13.0
45.11307247677858,14.0
45.136834868204986,14.0
45.16059785685807,14.0
45.18436144319038,15.0
45.20812562765473,15.0
45.23189041070419,14.0
45.2556557927921,13.0
45.27942177437206,9.0
45.303188355898016,11.0
45.326955537824084,13.0
45.35072332060469,17.0
45.37449170469459,15.0
45.39826069054871,12.0
45.42203027862234,10.0
45.44580046937098,11.0
45.46957126325044,10.0
45.49334266071678,9.0
45.51711466222637,12.0
45.5408872682358,13.0
45.56466047920198,12.0
45.58843429558209,11.0
45.612208717833575,17.0
45.63598374641413,19.0
45.65975938178178,15.0
45.68353562439479,15.0
45.7073124747117,14.0
45.731089933191335,12.0
45.754868000292824,15.0
45.77864667647553,21.0
45.80242596219908,17.0
45.82620585792349,17.0
45.849986364108894,17.0
45.87376748121583,16.0
45.897549209705055,18.0
45.9213315500376,17.0
45.94511450267483,17.0
45.968898068078346,16.0
45.99268224671005,17.0
46.016467039032065,11.0
46.04025244550689,12.0
46.064038466597225,16.0
46.0878251027661,17.0
46.1116123544768,15.0
46.135400222192914,16.0
46.15918870637829,16.0
46.18297780749705,16.0
46.20676752601366,19.0
46.23055786239279,25.0
46.254348817099434,19.0
46.2781403905989,18.0
46.30193258335671,21.0
46.32572539583869,22.0
46.349518828511,19.0
46.37331288184005,15.0
46.3971075562925,12.0
46.420902852335374,17.0
46.44469877043589,20.0
46.46849531106166,20.0
46.49229247468048,25.0
46.516090261760475,24.0
46.539888672770076,20.0
46.56368770817798,17.0
46.58748736845316,15.0
46.6112876540649,16.0
46.635088565482775,16.0
46.6588901031766,17.0
46.68269226761656,14.0
46.70649505927306,13.0
46.730298478616795,13.0
46.75410252611883,12.0
46.777907202250404,11.0
46.80171250748315,11.0
46.82551844228893,16.0
46.84932500713991,14.0
46.873132202508565,11.0
46.89694002886763,12.0
46.92074848669015,13.0
46.9445575764495,14.0
46.96836729861924,12.0
46.99217765367335,12.0
47.01598864208603,16.0
47.03980026433177,16.0
47.063612520885385,16.0
47.08742541222198,14.0
47.11123893881693,10.0
47.13505310114595,13.0
47.158867899684964,16.0
47.1826833349103,11.0
47.20649940729851,9.0
47.23031611732645,13.0
47.25413346547131,14.0
47.27795145221053,16.0
47.30177007802185,12.0
47.32558934338336,16.0
47.349409248773405,21.0
47.37322979467059,16.0
47.39705098155394,15.0
47.420872809902626,17.0
47.44469528019623,18.0
47.468518392914596,13.0
47.492342148537844,16.0
47.51616654754644,17.0
47.539991590421124,17.0
47.563817277642926,22.0
47.5876436096932,23.0
47.611470587053574,24.0
47.635298210206024,23.0
47.659126479632775,21.0
47.682955395816386,21.0
47.706784959239705,20.0
47.73061517038588,21.0
47.75444602973838,20.0
47.778277537780966,22.0
47.80210969499769,21.0
47.82594250187293,22.0
47.84977595889137,30.0
47.873610066537964,34.0
47.897444825297995,30.0
47.92128023565706,30.0
47.945116298101055,28.0
47.96895301311616,27.0
47.99279038118891,24.0
48.0166284028061,22.0
48.040467078454846,28.0
48.064306408622585,28.0
48.088146393797004,32.0
48.111987034466225,34.0
48.13582833111851,22.0
48.15967028424258,20.0
48.18351289432738,26.0
48.20735616186217,28.0
48.231200087336575,26.0
48.255044671240455,24.0
48.27888991406401,22.0
48.30273581629777,25.0
48.32658237843257,20.0
48.35042960095952,20.0
48.374277484370104,18.0
48.39812602915604,15.0
48.42197523580944,17.0
48.44582510482269,17.0
48.46967563668845,19.0
48.493526831899764,24.0
48.51737869094994,21.0
48.54123121433262,17.0
48.56508440254175,23.0
48.58893825607163,21.0
48.61279277541679,20.0
48.636647961072185,17.0
48.66050381353298,22.0
48.68436033329472,21.0
48.70821752085325,22.0
48.73207537670473,20.0
48.75593390134564,17.0
48.77979309527278,18.0
48.80365295898326,18.0
48.8275134929745,20.0
48.85137469774427,18.0
48.875236573790616,14.0
48.89909912161193,17.0
48.92296234170693,18.0
48.94682623457462,18.0
48.970690800714365,21.0
48.99455604062582,23.0
49.01842195480898,22.0
49.04228854376414,15.0
49.06615580799194,14.0
49.09002374799332,14.0
49.11389236426955,13.0
49.137761657322244,15.0
49.1616316276533,15.0
49.18550227576497,14.0
49.209373602159786,12.0
49.2332456073407,15.0
49.25711829181087,16.0
49.28099165607384,15.0
49.30486570063349,18.0
49.32874042599398,15.0
49.352615832659836,12.0
49.3764919211359,12.0
49.400368691927326,10.0
49.42424614553959,13.0
49.44812428247855,18.0
49.47200310325031,16.0
49.49588260836137,10.0
49.5197627983185,16.0
49.54364367362885,20.0
49.56752523479989,11.0
49.591407482339356,10.0
49.61529041675541,11.0
49.63917403855648,12.0
49.663058348251326,12.0
49.68694334634909,9.0
49.71082903335916,10.0
49.73471540979134,14.0
49.75860247615572,10.0
49.782490232962715,14.0
49.8063786807231,16.0
49.83026781994797,12.0
49.85415765114876,9.0
49.87804817483722,8.0
49.90193939152545,12.0
49.92583130172586,14.0
49.94972390595125,13.0
49.97361720471467,12.0
49.99751119852964,13.0
50.021405887909815,12.0
50.04530127336937,13.0
50.06919735542274,17.0
50.09309413458469,16.0
50.116991611370324,16.0
50.140889786295105,16.0
50.16478865987483,20.0
50.1886882326256,20.0
50.21258850506393,18.0
50.23648947770656,21.0
50.26039115107068,19.0
50.28429352567376,17.0
50.30819660203361,13.0
50.33210038066841,10.0
50.356004862096654,13.0
50.379910046837175,18.0
50.40381593540917,17.0
50.427722528332176,17.0
50.45162982612605,19.0
50.47553782931101,19.0
50.4994465384076,14.0
50.5233559539367,15.0
50.547266076419604,16.0
50.57117690637784,17.0
50.595088444333385,16.0
50.619000690808484,18.0
50.642913646325745,17.0
50.666827311408156,12.0
50.690741686579024,10.0
50.71465677236199,11.0
50.738572569281054,14.0
50.7624890778606,15.0
50.78640629862528,13.0
50.810324232100164,15.0
50.834242878810635,18.0
50.85816223928244,16.0
50.88208231404167,10.0
50.906003103614744,9.0
50.92992460852847,14.0
50.953846829309974,14.0
50.97776976648675,10.0
51.001693420586626,8.0
51.025617792137815,9.0
51.04954288166883,13.0
51.073468689708584,12.0
51.097395216786296,9.0
51.121322463431596,7.0
51.14525043017442,6.0
51.16917911754505,8.0
51.193108526074184,11.0
51.21703865629281,10.0
51.2409695087323,11.0
51.264901083924364,12.0
51.28883338240109,13.0
51.31276640469489,14.0
51.33670015133857,11.0
51.36063462286529,10.0
51.38456981980851,10.0
51.408505742702125,13.0
51.432442392080326,15.0
51.45637976847769,14.0
51.48031787242916,9.0
51.50425670447,6.0
51.528196265135904,6.0
51.552136554962836,9.0
51.57607757448719,18.0
51.600019324245686,16.0
51.62396180477542,11.0
51.64790501661385,11.0
51.671848960298775,11.0
51.695793636368364,13.0
51.71973904536116,12.0
51.74368518781607,10.0
51.76763206427235,7.0
51.79157967526962,11.0
51.81552802134788,12.0
51.83947710304747,11.0
51.863426920909134,13.0
51.88737747547392,10.0
51.91132876728331,12.0
51.9352807968791,11.0
51.95923356480346,10.0
51.98318707159895,11.0
52.0071413178085,17.0
52.03109630397537,14.0
52.055052030643225,11.0
52.07900849835606,15.0
52.10296570765827,17.0
52.126923659094636,16.0
52.15088235321024,14.0
52.17484179055061,14.0
52.198801971661595,15.0
52.22276289708943,13.0
52.24672456738074,13.0
52.270686983082484,17.0
52.29465014474201,17.0
52.318614052907044,19.0
52.342578708125686,16.0
52.36654411094639,15.0
52.390510261918024,16.0
52.41447716158977,13.0
52.43844481051126,16.0
52.46241320923241,16.0
52.48638235830357,15.0
52.51035225827548,13.0
52.53432290969921,14.0
52.55829431312624,15.0
52.5822664691084,16.0
52.60623937819791,14.0
52.63021304094739,10.0
52.65418745790978,14.0
52.678162629638464,18.0
52.70213855668715,19.0
52.726115239609996,17.0
52.75009267896143,12.0
52.774070875296395,13.0
52.79804982917008,12.0
52.822029541138164,12.0
52.84601001175664,14.0
52.8699912415819,13.0
52.89397323117074,12.0
52.91795598108031,12.0
52.941939491868155,11.0
52.96592376409221,11.0
52.98990879831078,15.0
53.01389459508255,14.0
53.037881154966634,13.0
53.06186847852247,15.0
53.0858565663099,13.0
53.10984541888919,16.0
53.133835036820926,15.0
53.15782542066616,13.0
53.18181657098627,16.0
53.20580848834304,15.0
53.22980117329864,13.0
53.253794626415626,12.0
53.27778884825697,12.0
53.301783839386,14.0
53.32577960036643,15.0
53.3497761317624,16.0
53.37377343413841,15.0
53.397771508059364,16.0
53.421770354090555,16.0
53.44576997279767,13.0
53.46977036474677,10.0
53.493771530504354,15.0
53.517773470637245,13.0
53.54177618571275,11.0
53.565779676298476,10.0
53.589783942962484,16.0
53.61378898627319,17.0
53.637794806799505,13.0
53.661801405110566,11.0
53.68580878177604,16.0
53.70981693736597,17.0
53.73382587245073,15.0
53.7578355876012,14.0
53.781846083388544,15.0
53.8058573603844,11.0
53.82986941916078,9.0
53.85388226029007,11.0
53.87789588434513,9.0
53.90191029189914,7.0
53.92592548352573,9.0
53.9499414597989,11.0
53.97395822129308,10.0
53.99797576858306,10.0
54.02199410224411,10.0
54.04601322285182,10.0
54.070033130982196,11.0
54.094053827211724,9.0
54.11807531211716,10.0
54.14209758627583,8.0
54.16612065026533,5.0
54.1901445046637,7.0
54.214169150049415,9.0
54.238194587001345,9.0
54.26222081609873,10.0
54.28624783792128,8.0
54.310275653049054,9.0
54.33430426206254,11.0
54.35833366554266,11.0
54.38236386407069,9.0
54.406394858228396,8.0
54.43042664859788,13.0
54.45445923576166,11.0
54.47849262030274,8.0
54.502526802804425,11.0
54.52656178385053,12.0
54.55059756402522,10.0
54.574634143913094,8.0
54.598671524099174,8.0
54.62270970516887,8.0
54.646748687708055,11.0
54.670788472302945,14.0
54.69482905954022,14.0
54.71887045000695,13.0
54.742912644290676,15.0
54.76695564297928,13.0
54.79099944666111,13.0
54.81504405592491,16.0
54.83908947135986,13.0
54.86313569355554,12.0
54.88718272310194,13.0
54.91123056058951,12.0
54.935279206609074,11.0
54.959328661751925,11.0
54.9833789266097,10.0
55.00743000177456,7.0
55.031481887839014,7.0
55.05553458539598,10.0
55.07958809503887,12.0
55.103642417361456,9.0
55.12769755295797,8.0
55.15175350242305,12.0
55.17581026635175,15.0
55.19986784533959,13.0
55.22392623998245,10.0
55.24798545087671,7.0
55.272045478619106,8.0
55.296106323806846,10.0
55.32016798703755,7.0
55.34423046890928,8.0
55.36829377002051,12.0
55.392357890970125,11.0
55.41642283235749,10.0
55.44048859478235,10.0
55.46455517884491,10.0
55.488622585145805,9.0
55.512690814286074,9.0
55.5367598668672,7.0
55.56082974349113,6.0
55.58490044476019,8.0
55.60897197127718,11.0
55.63304432364532,8.0
55.657117502468246,4.0
55.681191508350075,10.0
55.70526634189528,13.0
55.72934200370889,9.0
55.753418494396236,8.0
55.77749581456317,8.0
55.80157396481596,11.0
55.8256529457613,10.0
55.84973275800634,10.0
55.87381340215865,11.0
55.897894878826264,8.0
55.92197718861762,10.0
55.94606033214164,11.0
55.97014431000762,13.0
55.99422912282538,11.0
56.01831477120512,9.0
56.0424012557575,12.0
56.06648857709364,15.0
56.090576735825046,11.0
56.11466573256375,9.0
56.13875556792216,14.0
56.16284624251317,14.0
56.18693775695006,10.0
56.211030111846654,7.0
56.23512330781713,5.0
56.259217345476145,9.0
56.28331222543883,11.0
56.307407948320694,8.0
56.33150451473777,11.0
56.35560192530651,11.0
56.37970018064378,9.0
56.40379928136694,8.0
56.4278992280938,8.0
56.452000021442586,10.0
56.476101662031994,10.0
56.50020415048118,7.0
56.524307487409736,6.0
56.54841167343773,9.0
56.572516709185635,11.0
56.59662259527444,12.0
56.62072933232553,11.0
56.64483692096079,10.0
56.66894536180253,10.0
56.69305465547351,9.0
56.717164802597,10.0
56.74127580379665,10.0
56.76538765969661,11.0
56.78950037092149,13.0
56.81361393809635,10.0
56.83772836184669,7.0
56.86184364279852,8.0
56.88595978157823,7.0
56.910076778812744,11.0
56.93419463512941,11.0
56.95831335115603,8.0
56.98243292752092,10.0
57.006553364852785,12.0
57.03067466378084,14.0
57.05479682493476,11.0
57.07891984894465,10.0
57.10304373644111,11.0
57.1271684880552,10.0
57.151294104418454,10.0
57.17542058616284,8.0
57.199547933920826,12.0
57.22367614832532,12.0
57.24780523000971,10.0
57.27193517960788,13.0
57.296065997754106,9.0
57.32019768508322,7.0
57.34433024223048,10.0
57.368463669831584,14.0
57.392597968522765,13.0
57.41673313894067,11.0
57.44086918172248,12.0
57.46500609750578,11.0
57.48914388692869,10.0
57.51328255062971,9.0
57.53742208924795,9.0
57.561562503422856,7.0
57.58570379379446,9.0
57.60984596100319,13.0
57.63398900568999,13.0
57.65813292849627,12.0
57.68227773006392,12.0
57.7064234110353,13.0
57.73056997205325,11.0
57.7547174137611,12.0
57.77886573680266,13.0
57.80301494182216,9.0
57.82716502946442,11.0
57.85131600037465,14.0
57.87546785519858,13.0
57.89962059458238,14.0
57.923774219172785,19.0
57.947928729616926,16.0
57.97208412656248,15.0
57.996240410657556,17.0
58.02039758255078,14.0
58.04455564289127,14.0
58.0687145923286,13.0
58.092874431512854,16.0
58.11703516109459,18.0
58.14119678172485,17.0
58.165359294055186,14.0
58.18952269873761,12.0
58.21368699642464,10.0
58.237852187769285,13.0
58.26201827342504,16.0
58.286185254045854,13.0
58.31035313028625,11.0
58.334521902801164,14.0
58.35869157224606,15.0
58.38286213927689,13.0
58.4070336045501,8.0
58.43120596872264,9.0
58.455379232451904,15.0
58.479553396395865,16.0
58.50372846121291,10.0
58.52790442756197,10.0
58.55208129610246,12.0
58.576259067494306,10.0
58.6004377423979,9.0
58.62461732147416,9.0
58.648797805384504,12.0
58.672979194790805,14.0
58.6971614903555,16.0
58.72134469274148,12.0
58.745528802612185,11.0
58.76971382063147,12.0
58.79389974746382,12.0
58.81808658377406,12.0
58.84227433022769,10.0
58.866462987490614,11.0
58.89065255622922,12.0
58.91484303711049,12.0
58.93903443080184,13.0
58.963226737971205,14.0
58.98741995928707,12.0
59.01161409541837,13.0
59.03580914703456,13.0
59.060005114805655,12.0
59.084201999402104,14.0
59.108399801494926,10.0
59.132598521755625,9.0
59.1567981608562,13.0
59.1809987194692,15.0
59.20520019826765,11.0
59.22940259792511,8.0
59.25360591911566,7.0
59.27781016251386,11.0
59.302015328794816,13.0
59.32622141863413,15.0
59.35042843270794,15.0
59.37463637169289,10.0
59.39884523626611,13.0
59.42305502710531,16.0
59.44726574488868,15.0
59.47147739029493,11.0
59.49568996400328,13.0
59.5199034666935,16.0
59.54411789904584,16.0
59.568333261741124,14.0
59.59254955546066,13.0
59.61676678088625,13.0
59.640984938700306,10.0
59.665204029585695,11.0
59.689424054225796,13.0
59.7136450133046,15.0
59.73786690750652,12.0
59.762089737516554,9.0
59.78631350402021,12.0
59.810538207703516,12.0
59.83476384925306,10.0
59.858990429355934,9.0
59.88321794869973,12.0
59.90744640797264,15.0
59.931675807863314,12.0
59.95590614906099,10.0
59.9801374322554,11.0
60.00436965813682,11.0
60.02860282739605,9.0
60.05283694072445,13.0
60.0770719988139,14.0
60.10130800235678,10.0
60.12554495204607,11.0
60.14978284857523,13.0
60.17402169263828,10.0
60.198261484929766,8.0
60.222502226144805,9.0
60.246743916979,13.0
60.270986558128556,13.0
60.295230150290145,13.0
60.319474694161016,13.0
60.34372019043899,14.0
60.36796663982235,13.0
60.39221404300999,12.0
60.41646240070135,13.0
60.44071171359634,11.0
60.46496198239548,10.0
60.48921320779985,11.0
60.513465390511,12.0
60.53771853123105,9.0
60.56197263066274,9.0
60.58622768950924,11.0
60.61048370847437,14.0
60.634740688262454,12.0
60.65899862957833,10.0
60.68325753312746,12.0
60.707517399615774,10.0
60.73177822974984,9.0
60.756040024236704,10.0
60.78030278378402,8.0
60.804566509099935,12.0
60.82883120089321,17.0
60.85309685987312,15.0
60.8773634867495,20.0
60.901631082232775,17.0
60.92589964703387,12.0
60.95016918186428,16.0
60.97443968743613,17.0
60.998711164461994,14.0
61.022983613655065,10.0
61.0472570357291,11.0
61.07153143139839,11.0
61.095806801377776,11.0
61.120083146382726,12.0
61.144360467129175,15.0
61.168638764333714,16.0
61.192918038713444,14.0
61.21719829098601,13.0
61.241479521869664,10.0
61.26576173208325,10.0
61.29004492234607,10.0
61.3143290933781,8.0
61.33861424589984,6.0
61.362900380632325,6.0
61.38718749829725,9.0
61.41147559961678,12.0
61.43576468531372,14.0
61.46005475611138,14.0
61.4843458127337,13.0
61.508637855905185,13.0
61.532930886350876,10.0
61.5572249047964,8.0
61.58151991196799,9.0
61.605815908592405,11.0
61.630112895397005,11.0
61.65441087310973,11.0
61.67870984245909,13.0
61.70300980417419,10.0
61.72731075898466,8.0
61.75161270762076,12.0
61.77591565081331,16.0
61.8002195892937,10.0
61.82452452379393,13.0
61.84883045504653,15.0
61.8731373837847,14.0
61.89744531074213,10.0
61.92175423665312,8.0
61.94606416225258,11.0
61.970375088275986,14.0
61.99468701545941,13.0
62.01899994453946,13.0
62.04331387625344,16.0
62.06762881133911,11.0
62.09194475053491,11.0
62.116261694579855,11.0
62.140579644213474,13.0
62.164898600176016,11.0
62.1892185632082,11.0
62.213539534051414,14.0
62.23786151344759,11.0
62.262184502139306,11.0
62.28650850086965,16.0
62.3108335103824,8.0
62.33515953142185,9.0
62.35948656473296,10.0
62.38381461106121,10.0
62.40814367115274,10.0
62.432473745754265,11.0
62.456804835613084,11.0
62.48113694147712,15.0
62.50547006409489,12.0
62.52980420421548,15.0
62.55413936258861,19.0
62.578475539964614,16.0
62.6028127370944,13.0
62.627150954729466,9.0
62.65149019362199,10.0
62.67583045452463,10.0
62.70017173819078,14.0
62.72451404537437,18.0
62.74885737682993,16.0
62.773201733312604,13.0
62.7975471155782,13.0
62.82189352438304,14.0
62.84624096048413,13.0
62.87058942463909,14.0
62.89493891760608,15.0
62.919289440143956,11.0
62.94364099301211,13.0
62.96799357697058,11.0
62.99234719278005,13.0
63.0167018412018,15.0
63.04105752299769,13.0
63.06541423893022,10.0
63.08977198976252,11.0
63.114130776258335,13.0
63.13849059918203,11.0
63.16285145929854,9.0
63.187213357373494,13.0
63.2115762941731,17.0
63.23594027046419,16.0
63.26030528701423,14.0
63.284671344591295,18.0
63.3090384439641,18.0
63.33340658590196,11.0
63.35777577117484,10.0
63.382146000553355,10.0
63.40651727480863,9.0
63.43088959471257,12.0
63.455262961037626,13.0
63.47963737455687,11.0
63.50401283604404,8.0
63.528389346273485,12.0
63.55276690602019,12.0
63.57714551605976,12.0
63.60152517716843,9.0
63.62590589012313,7.0
63.65028765570132,9.0
63.67467047468119,9.0
63.699054347841496,9.0
63.72343927596168,12.0
63.747825259821795,12.0
63.77221230020255,13.0
63.796600397885236,13.0
63.82098955365187,12.0
63.84537976828504,13.0
63.86977104256805,12.0
63.89416337728473,11.0
63.918556773219684,11.0
63.942951231158055,11.0
63.96734675188565,14.0
63.99174333618902,13.0
64.01614098485518,13.0
64.040539698672,13.0
64.06493947842782,17.0
64.08934032491169,14.0
64.11374223891336,15.0
64.13814522122318,19.0
64.16254927263215,18.0
64.18695439393193,17.0
64.21136058591479,12.0
64.23576784937376,12.0
64.26017618510241,12.0
64.28458559389503,12.0
64.30899607654652,14.0
64.3334076338525,16.0
64.35782026660917,17.0
64.38223397561343,14.0
64.40664876166285,15.0
64.4310646255556,12.0
64.45548156809062,11.0
64.4798995900674,11.0
64.5043186922861,13.0
64.52873887554763,13.0
64.55316014065346,15.0
64.57758248840581,15.0
64.6020059196075,16.0
64.62643043506205,12.0
64.65085603557363,13.0
64.67528272194708,13.0
64.6997104949879,15.0
64.7241393555023,16.0
64.74856930429712,16.0
64.77300034217986,15.0
64.79743246995871,15.0
64.8218656884425,15.0
64.84629999844084,17.0
64.87073540076389,12.0
64.89517189622251,11.0
64.9196094856283,17.0
64.94404816979346,14.0
64.9684879495309,11.0
64.9929288256542,13.0
65.01737079897764,12.0
65.04181387031613,9.0
65.06625804048532,8.0
65.09070331030152,12.0
65.11514968058168,9.0
65.13959715214348,10.0
65.16404572580525,14.0
65.18849540238605,12.0
65.21294618270558,10.0
65.23739806758425,14.0
65.26185105784315,15.0
65.28630515430403,13.0
65.31076035778939,12.0
65.33521666912237,17.0
65.3596740891268,19.0
65.38413261862722,20.0
65.40859225844883,18.0
65.43305300941759,15.0
65.45751487236008,16.0
65.48197784810363,14.0
65.50644193747617,13.0
65.5309071413065,16.0
65.55537346042394,17.0
65.57984089565855,17.0
65.60430944784119,17.0
65.62877911780328,19.0
65.65324990637704,18.0
65.67772181439534,15.0
65.70219484269178,17.0
65.72666899210066,22.0
65.75114426345691,21.0
65.77562065759629,13.0
65.80009817535515,12.0
65.82457681757063,20.0
65.84905658508053,19.0
65.87353747872339,16.0
65.89801949933842,18.0
65.92250264776553,20.0
65.94698692484543,23.0
65.97147233141943,18.0
65.99595886832964,14.0
66.0204465364188,13.0
66.04493533653041,14.0
66.06942526950874,14.0
66.09391633619865,18.0
66.11840853744579,18.0
66.14290187409657,15.0
66.16739634699802,12.0
66.19189195699794,9.0
66.21638870494486,15.0
66.24088659168801,17.0
66.26538561807736,15.0
66.28988578496357,20.0
66.31438709319806,11.0
66.33888954363294,11.0
66.3633931371211,11.0
66.38789787451606,15.0
66.41240375667218,13.0
66.43691078444446,10.0
66.46141895868868,7.0
66.48592828026132,12.0
66.51043875001957,14.0
66.53495036882146,16.0
66.55946313752563,16.0
66.58397705699146,16.0
66.60849212807916,18.0
66.63300835164958,16.0
66.65752572856438,14.0
66.68204425968587,14.0
66.70656394587716,14.0
66.73108478800211,12.0
66.7556067869253,15.0
66.78012994351197,12.0
66.80465425862825,13.0
66.82917973314092,12.0
66.85370636791751,9.0
66.87823416382629,13.0
66.9027631217363,11.0
66.92729324251734,10.0
66.9518245270399,11.0
66.97635697617525,11.0
67.00089059079542,10.0
67.02542537177317,12.0
67.049961319982,11.0
67.07449843629621,10.0
67.09903672159082,11.0
67.12357617674157,13.0
67.14811680262498,13.0
67.1726586001184,9.0
67.19720157009978,12.0
67.22174571344799,11.0
67.24629103104253,12.0
67.27083752376376,14.0
67.2953851924927,14.0
67.31993403811123,9.0
67.34448406150189,8.0
67.36903526354807,13.0
67.39358764513386,16.0
67.4181412071442,14.0
67.44269595046467,12.0
67.46725187598173,13.0
67.49180898458256,8.0
67.51636727715507,11.0
67.54092675458803,14.0
67.56548741777092,11.0
67.59004926759395,9.0
67.61461230494821,12.0
67.63917653072548,10.0
67.66374194581833,12.0
67.68830855112012,10.0
67.712876347525,9.0
67.73744533592784,13.0
67.76201551722436,18.0
67.78658689231099,17.0
67.81115946208499,16.0
67.8357332274444,12.0
67.86030818928796,10.0
67.88488434851533,14.0
67.90946170602683,10.0
67.93404026272367,12.0
67.95862001950772,18.0
67.98320097728175,12.0
68.00778313694929,10.0
68.03236649941456,11.0
68.05695106558277,13.0
68.08153683635969,15.0
68.1061238126521,7.0
68.13071199536736,16.0
68.1553013854138,11.0
68.17989198370044,14.0
68.20448379113715,17.0
68.22907680863459,16.0
68.25367103710417,13.0
68.27826647745812,13.0
68.30286313060951,15.0
68.32746099747219,15.0
68.35206007896073,13.0
68.37666037599068,14.0
68.40126188947822,18.0
68.4258646203404,10.0
68.45046856949511,10.0
68.475073737861,13.0
68.49968012635753,15.0
68.52428773590496,15.0
68.54889656742444,10.0
68.57350662183781,12.0
68.59811790006782,11.0
68.62273040303798,12.0
68.64734413167258,12.0
68.67195908689683,13.0
68.69657526963668,10.0
68.7211926808189,12.0
68.7458113213711,12.0
68.7704311922217,13.0
68.79505229429994,12.0
68.81967462853586,13.0
68.84429819586036,13.0
68.86892299720512,10.0
68.89354903350268,9.0
68.91817630568639,11.0
68.94280481469046,11.0
68.96743456144982,11.0
68.99206554690036,10.0
69.01669777197876,11.0
69.04133123762242,9.0
69.06596594476973,7.0
69.09060189435984,9.0
69.11523908733274,13.0
69.1398775246292,8.0
69.16451720719091,12.0
69.18915813596038,10.0
69.2138003118809,11.0
69.23844373589667,7.0
69.2630884089527,9.0
69.28773433199483,9.0
69.3123815059697,16.0
69.33702993182492,15.0
69.36167961050879,11.0
69.3863305429706,15.0
69.41098273016036,14.0
69.43563617302901,13.0
69.46029087252832,18.0
69.48494682961086,15.0
69.50960404523013,13.0
69.53426252034043,12.0
69.55892225589692,10.0
69.58358325285558,10.0
69.60824551217334,11.0
69.6329090348079,9.0
69.65757382171783,8.0
69.68223987386257,10.0
69.70690719220244,11.0
69.73157577769858,8.0
69.75624563131302,10.0
69.78091675400863,8.0
69.80558914674918,14.0
69.83026281049926,11.0
69.85493774622437,8.0
69.87961395489077,6.0
69.90429143746574,14.0
69.92897019491734,12.0
69.95365022821453,6.0
69.97833153832708,13.0
70.00301412622574,15.0
70.02769799288203,8.0
70.05238313926839,11.0
70.07706956635816,12.0
70.10175727512552,13.0
70.12644626654549,10.0
70.15113654159406,13.0
70.17582810124802,10.0
70.2005209464851,13.0
70.22521507828387,11.0
70.24991049762383,9.0
70.2746072054853,10.0
70.29930520284954,10.0
70.32400449069863,7.0
70.34870507001565,10.0
70.37340694178444,12.0
70.39811010698986,10.0
70.42281456661753,15.0
70.44752032165403,11.0
70.47222737308685,5.0
70.49693572190438,5.0
70.5216453690958,7.0
70.54635631565132,12.0
70.571068562562,10.0
70.59578211081974,11.0
70.62049696141747,7.0
70.64521311534885,12.0
70.66993057360861,14.0
70.69464933719229,6.0
70.71936940709632,9.0
70.7440907843181,17.0
70.7688134698559,10.0
70.7935374647089,9.0
70.81826276987722,12.0
70.84298938636186,14.0
70.86771731516471,15.0
70.89244655728862,14.0
70.91717711373731,10.0
70.94190898551547,13.0
70.96664217362864,18.0
70.99137667908337,13.0
71.01611250288704,10.0
71.04084964604797,9.0
71.06558810957543,10.0
71.09032789447961,13.0
71.11506900177156,14.0
71.13981143246338,18.0
71.16455518756796,20.0
71.18930026809919,12.0
71.21404667507187,12.0
71.23879440950176,10.0
71.26354347240554,14.0
71.28829386480078,12.0
71.313045587706,19.0
71.33779864214065,18.0
71.36255302912522,15.0
71.38730874968098,10.0
71.41206580483019,10.0
71.43682419559613,14.0
71.4615839230029,17.0
71.48634498807564,15.0
71.51110739184034,11.0
71.53587113532403,7.0
71.56063621955461,12.0
71.585402645561,10.0
71.610170414373,10.0
71.63493952702137,10.0
71.65970998453783,7.0
71.68448178795511,10.0
71.70925493830674,13.0
71.7340294366274,12.0
71.75880528395257,9.0
71.78358248131877,10.0
71.80836102976343,11.0
71.83314093032497,13.0
71.85792218404279,9.0
71.88270479195717,15.0
71.90748875510947,10.0
71.93227407454185,13.0
71.95706075129762,7.0
71.98184878642094,11.0
72.00663818095697,10.0
72.03142893595182,13.0
72.0562210524526,12.0
72.0810145315074,16.0
72.10580937416526,12.0
72.13060558147615,12.0
72.15540315449107,8.0
72.18020209426203,10.0
72.20500240184192,7.0
72.22980407828473,9.0
72.25460712464528,12.0
72.27941154197953,8.0
72.30421733134432,9.0
72.32902449379752,9.0
72.35383303039792,13.0
72.37864294220539,13.0
72.40345423028074,12.0
72.42826689568577,11.0
72.45308093948324,9.0
72.47789636273697,13.0
72.50271316651171,8.0
72.52753135187331,11.0
72.55235091988844,7.0
72.57717187162493,11.0
72.60199420815152,15.0
72.62681793053797,16.0
72.65164303985506,14.0
72.67646953717458,16.0
72.70129742356924,8.0
72.72612670011286,12.0
72.75095736788023,11.0
72.77578942794712,11.0
72.80062288139035,11.0
72.82545772928772,13.0
72.85029397271802,13.0
72.87513161276115,12.0
72.8999706504979,12.0
72.92481108701021,5.0
72.94965292338087,8.0
72.97449616069383,23.0
72.99934080003403,17.0
73.02418684248737,8.0
73.0490342891408,16.0
73.07388314108238,15.0
73.09873339940108,9.0
73.12358506518693,9.0
73.14843813953104,9.0
73.17329262352544,11.0
73.19814851826331,8.0
73.22300582483876,17.0
73.24786454434707,11.0
73.27272467788434,11.0
73.29758622654796,8.0
73.32244919143615,13.0
73.34731357364828,13.0
73.3721793742847,11.0
73.39704659444688,9.0
73.42191523523725,12.0
73.44678529775929,12.0
73.47165678311761,16.0
73.49652969241778,12.0
73.52140402676646,8.0
73.54627978727133,6.0
73.57115697504118,6.0
73.59603559118574,13.0
73.62091563681595,6.0
73.64579711304366,9.0
73.67068002098185,14.0
73.69556436174457,15.0
73.7204501364469,15.0
73.74533734620495,12.0
73.77022599213599,12.0
73.79511607535824,13.0
73.82000759699106,9.0
73.8449005581549,12.0
73.86979495997113,13.0
73.8946908035624,6.0
73.91958809005226,12.0
73.94448682056542,10.0
73.9693869962276,12.0
73.99428861816571,8.0
74.01919168750759,14.0
74.04409620538226,13.0
74.06900217291981,14.0
74.09390959125136,10.0
74.11881846150918,17.0
74.14372878482652,15.0
74.16864056233784,12.0
74.1935537951786,13.0
74.2184684844854,12.0
74.24338463139588,15.0
74.26830223704884,9.0
74.29322130258407,8.0
74.31814182914256,12.0
74.34306381786635,8.0
74.36798726989855,9.0
74.39291218638344,5.0
74.41783856846631,4.0
74.44276641729361,13.0
74.46769573401286,9.0
74.49262651977276,10.0
74.51755877572303,11.0
74.54249250301453,11.0
74.56742770279918,13.0
74.59236437623015,11.0
74.61730252446152,6.0
74.64224214864872,10.0
74.66718324994804,12.0
74.69212582951707,15.0
74.71706988851447,12.0
74.7420154281,12.0
74.76696244943454,9.0
74.79191095368013,8.0
74.81686094199988,9.0
74.84181241555804,10.0
74.86676537552009,12.0
74.89171982305241,11.0
74.91667575932274,9.0
74.94163318549981,13.0
74.96659210275358,16.0
74.99155251225508,10.0
75.01651441517647,7.0
75.0414778126911,10.0
75.0664427059734,9.0
75.09140909619897,13.0
75.11637698454459,13.0
75.14134637218815,16.0
75.16631726030857,15.0
75.19128965008618,11.0
75.21626354270222,12.0
75.24123893933918,11.0
75.26621584118068,10.0
75.29119424941152,10.0
75.31617416521762,11.0
75.34115558978606,16.0
75.36613852430514,15.0
75.3911229699642,14.0
75.4161089279539,10.0
75.44109639946586,5.0
75.46608538569306,9.0
75.49107588782954,13.0
75.51606790707051,13.0
75.54106144461238,8.0
75.56605650165271,6.0
75.59105307939025,15.0
75.61605117902492,12.0
75.64105080175781,10.0
75.66605194879118,11.0
75.69105462132846,11.0
75.71605882057428,13.0
75.74106454773444,14.0
75.76607180401597,14.0
75.79108059062698,16.0
75.81609090877686,11.0
75.84110275967618,5.0
75.86611614453666,6.0
75.89113106457124,8.0
75.91614752099397,12.0
75.9411655150203,9.0
75.96618504786663,12.0
75.99120612075072,7.0
76.01622873489146,14.0
76.04125289150898,13.0
76.06627859182457,15.0
76.09130583706079,10.0
76.11633462844131,8.0
76.14136496719112,12.0
76.16639685453632,11.0
76.1914302917043,12.0
76.21646527992354,6.0
76.24150182042392,2.0
76.26653991443641,4.0
76.29157956319317,7.0
76.3166207679277,12.0
76.34166352987462,11.0
76.36670785026982,8.0
76.39175373035037,12.0
76.41680117135463,8.0
76.44185017452216,12.0
76.46690074109374,9.0
76.49195287231133,6.0
76.51700656941826,8.0
76.54206183365895,8.0
76.56711866627917,10.0
76.59217706852583,12.0
76.61723704164716,12.0
76.6422985868926,10.0
76.66736170551279,10.0
76.69242639875971,12.0
76.7174926678865,13.0
76.74256051414756,12.0
76.7676299387986,9.0
76.79270094309652,10.0
76.81777352829953,7.0
76.84284769566705,9.0
76.86792344645971,11.0
76.89300078193952,6.0
76.91807970336967,12.0
76.9431602120146,7.0
76.96824230914008,7.0
76.99332599601311,12.0
77.01841127390193,8.0
77.0434981440761,9.0
77.06858660780637,11.0
77.0936766663649,12.0
77.11876832102499,9.0
77.14386157306129,11.0
77.16895642374968,11.0
77.19405287436737,4.0
77.21915092619281,10.0
77.24425058050576,16.0
77.26935183858731,9.0
77.29445470171972,14.0
77.31955917118657,9.0
77.34466524827285,9.0
77.36977293426465,11.0
77.39488223044957,12.0
77.41999313811633,12.0
77.44510565855504,13.0
77.47021979305707,9.0
77.49533554291504,16.0
77.52045290942306,13.0
77.54557189387636,5.0
77.5706924975715,9.0
77.59581472180642,14.0
77.62093856788034,10.0
77.6460640370938,10.0
77.6711911307486,16.0
77.69631985014793,14.0
77.7214501965963,3.0
77.74658217139942,3.0
77.77171577586444,10.0
77.79685101129986,6.0
77.82198787901537,8.0
77.84712638032214,9.0
77.87226651653248,23.0
77.89740828896025,13.0
77.92255169892043,12.0
77.94769674772954,12.0
77.9728434367053,13.0
77.9979917671668,13.0
78.02314174043443,13.0
78.04829335783,13.0
78.07344662067669,9.0
78.09860153029886,16.0
78.12375808802238,13.0
78.14891629517443,12.0
78.17407615308348,12.0
78.19923766307937,16.0
78.22440082649341,13.0
78.24956564465813,9.0
78.27473211890747,8.0
78.29990025057673,9.0
78.32507004100256,10.0
78.350241491523,14.0
78.37541460347744,6.0
78.40058937820663,4.0
78.42576581705276,15.0
78.45094392135927,11.0
78.47612369247102,14.0
78.50130513173431,10.0
78.52648824049682,12.0
78.55167302010749,11.0
78.57685947191669,10.0
78.6020475972763,11.0
78.62723739753943,8.0
78.65242887406062,8.0
78.67762202819586,11.0
78.70281686130247,16.0
78.72801337473913,7.0
78.75321156986604,6.0
78.77841144804471,7.0
78.80361301063805,9.0
78.82881625901037,11.0
78.8540211945274,10.0
78.8792278185563,13.0
78.90443613246565,7.0
78.92964613762534,12.0
78.95485783540673,12.0
78.98007122718269,14.0
79.0052863143273,11.0
79.03050309821624,12.0
79.05572158022657,10.0
79.08094176173671,11.0
79.10616364412653,7.0
79.13138722877733,13.0
79.15661251707188,5.0
79.18183951039433,7.0
79.20706821013029,14.0
79.23229861766674,16.0
79.25753073439223,7.0
79.28276456169655,10.0
79.30800010097116,12.0
79.33323735360881,9.0
79.3584763210037,3.0
79.38371700455156,5.0
79.4089594056495,9.0
79.43420352569606,11.0
79.4594493660913,12.0
79.48469692823673,14.0
79.50994621353529,6.0
79.53519722339135,10.0
79.56044995921076,8.0
79.58570442240091,7.0
79.61096061437057,11.0
79.63621853652995,9.0
79.66147819029084,6.0
79.6867395770664,8.0
79.71200269827132,5.0
79.73726755532174,8.0
79.7625341496353,7.0
79.78780248263118,9.0
79.8130725557298,8.0
79.83834437035338,10.0
79.86361792792545,11.0
79.88889322987102,8.0
79.91417027761663,8.0
79.93944907259039,13.0
79.96472961622177,11.0
79.99001190994176,9.0
80.01529595518295,4.0
80.04058175337937,6.0
80.06586930596652,9.0
80.09115861438141,9.0
80.11644968006263,7.0
80.14174250445025,5.0
80.16703708898581,10.0
80.19233343511236,11.0
80.21763154427454,10.0
80.24293141791851,10.0
80.26823305749178,11.0
80.29353646444365,7.0
80.31884164022475,13.0
80.34414858628728,12.0
80.369457304085,12.0
80.39476779507318,8.0
80.42008006070867,12.0
80.4453941024498,7.0
80.47070992175642,2.0
80.49602752009002,8.0
80.52134689891355,14.0
80.54666805969148,11.0
80.57199100388996,11.0
80.59731573297658,14.0
80.62264224842049,14.0
80.64797055169241,7.0
80.67330064426463,6.0
80.698632527611,3.0
80.72396620320691,5.0
80.74930167252934,8.0
80.77463893705684,4.0
80.79997799826943,5.0
80.82531885764884,7.0
80.85066151667833,5.0
80.87600597684272,15.0
80.90135223962834,13.0
80.92670030652322,7.0
80.95205017901694,7.0
80.97740185860053,12.0
81.00275534676683,6.0
81.02811064501016,11.0
81.05346775482637,9.0
81.07882667771301,9.0
81.10418741516912,13.0
81.12954996869547,9.0
81.1549143397943,10.0
81.18028052996954,9.0
81.2056485407267,10.0
81.23101837357292,5.0
81.25639003001685,9.0
81.28176351156887,8.0
81.30713881974097,10.0
81.33251595604666,9.0
81.35789492200115,8.0
81.38327571912124,9.0
81.4086583489254,10.0
81.43404281293367,11.0
81.45942911266773,9.0
81.48481724965093,11.0
81.51020722540822,9.0
81.53559904146618,7.0
81.56099269935305,11.0
81.58638820059869,12.0
81.61178554673468,14.0
81.63718473929409,11.0
81.66258577981176,10.0
81.6879886698242,13.0
81.71339341086949,10.0
81.7388000044874,9.0
81.7642084522194,8.0
81.7896187556085,8.0
81.81503091619952,6.0
81.84044493553887,8.0
81.86586081517463,12.0
81.89127855665653,13.0
81.91669816153605,12.0
81.94211963136627,7.0
81.967542967702,10.0
81.99296817209965,5.0
82.01839524611745,12.0
82.04382419131517,12.0
82.06925500925432,7.0
82.09468770149816,8.0
82.12012226961158,7.0
82.14555871516121,9.0
82.17099703971527,9.0
82.19643724484382,6.0
82.22187933211855,3.0
82.24732330311286,9.0
82.27276915940188,12.0
82.29821690256246,15.0
82.32366653417307,13.0
82.34911805581402,7.0
82.37457146906726,9.0
82.40002677551651,8.0
82.42548397674719,12.0
82.45094307434641,11.0
82.47640406990303,8.0
82.50186696500775,9.0
82.52733176125281,8.0
82.55279846023232,7.0
82.57826706354214,5.0
82.60373757277972,8.0
82.62920998954442,9.0
82.65468431543732,14.0
82.6801605520612,12.0
82.70563870102056,16.0
82.73111876392171,7.0
82.75660074237277,16.0
82.78208463798354,8.0
82.80757045236555,9.0
82.83305818713222,11.0
82.85854784389862,11.0
82.88403942428164,9.0
82.90953292989995,7.0
82.93502836237397,7.0
82.96052572332597,7.0
82.98602501437986,7.0
83.01152623716146,6.0
83.03702939329837,8.0
83.06253448441987,9.0
83.08804151215718,3.0
83.11355047814318,7.0
83.13906138401269,11.0
83.16457423140217,6.0
83.19008902194999,11.0
83.21560575729629,7.0
83.24112443908304,10.0
83.266645068954,13.0
83.29216764855474,9.0
83.3176921795327,6.0
83.34321866353703,4.0
83.3687471022188,9.0
83.39427749723087,5.0
83.41980985022799,5.0
83.44534416286658,5.0
83.47088043680503,8.0
83.49641867370356,8.0
83.52195887522417,7.0
83.5475010430307,10.0
83.57304517878895,7.0
83.5985912841664,5.0
83.62413936083249,8.0
